0.278384
0.0921314
0.194515
0.129661
0.257514
0.202588
0.326496
0.264531
0.386145
0.329823
0.460984
0.412153
0.546366
0.496457
0.628087
0.575545
0.705345
0.650672
0.777471
0.718392
0.763535
0.707299
0.686098
0.666125
0.670407
0.672177
0.667668
0.642062
0.606112
0.559732
0.513328
0.463065
0.411932
0.354197
0.293857
0.228422
0.163195
0.0963246
0.0316772
-0.0332547
-0.0954912
-0.156613
-0.213936
-0.268675
-0.317996
-0.363456
-0.40274
-0.437398
-0.465362
-0.488037
-0.503576
-0.513393
-0.516007
-0.512919
-0.502923
-0.487501
-0.465665
-0.438966
-0.406717
-0.370508
-0.329763
-0.285983
-0.238747
-0.189633
-0.138371
-0.0863864
-0.0333808
0.0192035
0.071411
0.121806
0.170572
0.216562
0.259971
0.299657
0.335824
0.367518
0.394943
0.417112
0.434288
0.445931
0.452688
0.454107
0.450573
0.441637
0.427987
0.409518
0.386892
0.359933
0.329439
0.295574
0.259215
0.220352
0.179725
0.137601
0.0950508
0.0523665
0.0102173
-0.0314225
-0.0718293
-0.110665
-0.147032
-0.18077
-0.211388
-0.23892
-0.262767
-0.28283
-0.298226
-0.309681
-0.316906
-0.32029
-0.319697
-0.315514
-0.307768
-0.296825
-0.282538
-0.265119
-0.244578
-0.221501
-0.196178
-0.169141
-0.140571
-0.111124
-0.0812955
-0.0518407
-0.0230816
0.0048096
0.0317896
0.0575643
0.0824435
0.106063
0.128011
0.147596
0.164674
0.179049
0.19064
0.198954
0.203964
0.205901
0.205326
0.202219
0.196548
0.188424
0.178587
0.167428
0.154899
0.140442
0.124038
0.106017
0.0870002
0.0671817
0.0467705
0.0258727
0.00481654
-0.0162311
-0.0368488
-0.0565776
-0.0748362
-0.0916026
-0.107164
-0.121922
-0.135679
-0.148084
-0.158774
-0.167747
-0.174714
-0.179259
-0.181023
-0.180397
-0.178055
-0.17457
-0.170025
-0.164488
-0.157949
-0.150228
-0.140708
-0.129046
-0.115605
-0.101394
-0.0869709
-0.0722501
-0.0566548
-0.0410446
-0.0262391
-0.0129263
-0.000731443
0.011115
0.0231981
0.0354644
0.0477407
0.059751
0.0710173
0.0805505
0.0874764
0.0915485
0.093305
0.0933128
0.0920136
0.0899376
-0.939325
-1.96625
-1.19297
-387.566
47.1395
193.437
158.294
25.692
-69.9804
-95.9965
-55.8621
-6.26921
22.7218
18.5144
1.61064
-13.3326
-13.9948
-6.38526
4.27792
9.4966
10.6202
8.33309
7.66547
8.22975
10.9958
13.085
14.9153
15.1219
15.3867
15.0763
15.4338
15.3569
15.6009
15.1717
14.922
14.1039
13.4997
12.3688
11.3743
9.87602
8.55663
6.89834
5.52636
3.91609
2.57195
0.9739
-0.413169
-2.03365
-3.42345
-4.96813
-6.23516
-7.58629
-8.63404
-9.72353
-10.5045
-11.3001
-11.7897
-12.2779
-12.4732
-12.6615
-12.5728
-12.4727
-12.1121
-11.7427
-11.1376
-10.5339
-9.71979
-8.91296
-7.91229
-6.9215
-5.75807
-4.61971
-3.34166
-2.11269
-0.781225
0.473488
1.7913
3.00163
4.23277
5.32332
6.39664
7.30734
8.17671
8.8694
9.498
9.9348
10.289
10.4466
10.5177
10.4
10.2007
9.82701
9.38446
8.78913
8.14224
7.36609
6.56088
5.65818
4.7529
3.77544
2.81229
1.80007
0.826028
-0.167428
-1.09919
-2.02608
-2.87209
-3.68967
-4.41024
-5.08711
-5.65526
-6.16593
-6.55617
-6.87615
-7.07163
-7.19741
-7.20578
-7.14843
-6.9784
-6.74617
-6.41103
-6.02457
-5.54979
-5.03762
-4.45595
-3.85634
-3.20903
-2.56206
-1.88519
-1.22309
-0.547822
0.0949068
0.730141
1.31799
1.88981
2.41083
2.90654
3.33722
3.72753
4.0475
4.3282
4.54146
4.71337
4.81618
4.87849
4.87633
4.83464
4.72738
4.58218
4.38239
4.15607
3.87864
3.56947
3.21086
2.8362
2.43428
2.02685
1.59115
1.15044
0.69494
0.250871
-0.199602
-0.63675
-1.06966
-1.46948
-1.84896
-2.19389
-2.5207
-2.80488
-3.05159
-3.2401
-3.38729
-3.48214
-3.54176
-3.5528
-3.53111
-3.46628
-3.37498
-3.24299
-3.07813
-2.8647
-2.62036
-2.34277
-2.05104
-1.73559
-1.41205
-1.0782
-0.754806
-0.434839
-0.12887
0.172843
0.456346
0.730301
0.986896
1.23657
1.46386
1.66982
1.84104
1.987
2.09594
2.16905
2.19322
2.18316
2.14233
2.0856
2.00351
1.90252
1.77934
1.64813
1.50229
1.34502
1.16731
0.981462
0.78811
0.597568
0.401199
0.203386
-0.000511603
-0.197127
-0.384223
-0.54929
-0.697146
-0.824901
-0.942191
-1.04421
-1.13704
-1.21784
-1.29672
-1.3669
-1.42554
-1.46004
-1.47685
-1.47626
-1.46432
-1.43231
-1.38498
-1.32597
-1.26937
-1.21128
-1.14791
-1.06585
-0.967503
-0.853749
-0.734996
-0.609474
-0.481045
-0.347871
-0.219341
-0.0946834
0.0262536
0.154405
0.286715
0.418549
0.537746
0.648529
0.754761
0.86359
0.966323
1.05753
1.12898
1.18433
1.22272
1.24953
1.26426
1.27277
1.2734
1.26713
1.24652
1.21049
1.15639
1.09119
1.01715
0.939771
0.85674
0.768339
0.667728
0.55156
0.41573
0.270722
0.129404
0.00659661
-0.0977909
-0.186436
-0.268244
-0.346734
-0.431474
-0.527237
-0.636007
-0.743505
-0.83681
-0.905985
-0.954056
-0.981525
-0.990962
-0.983489
-0.96891
-0.954283
-0.946231
-0.940748
-0.934203
-0.918237
-0.88887
-0.842313
-0.782966
-0.713782
-0.639914
-0.558838
-0.470789
-0.376333
-0.284345
-0.201264
-0.132527
-0.0725437
-0.0125005
0.0584661
0.143015
0.240023
0.341616
0.439826
0.523239
0.588186
0.638555
0.687478
0.741041
0.797092
0.845951
0.884244
0.911028
0.928287
0.934355
0.931188
0.921942
0.912026
0.898757
0.875031
0.832663
0.774918
0.70888
0.639194
0.560948
0.473479
0.38436
0.306039
0.238003
0.169308
0.087836
-0.00713505
-0.110635
-0.216756
-0.321281
-0.414937
-0.491874
-0.554901
-0.615646
-0.677463
-0.732497
-0.769802
-0.792368
-0.811732
-0.835191
-0.855141
-0.861312
-0.851175
-0.832142
-0.807285
-0.773157
-0.723809
-0.661496
-0.591614
-0.519193
-0.445883
-0.376136
-0.313371
-0.256536
-0.196146
-0.123874
-0.0383073
0.0515622
0.135779
0.207625
0.267741
0.320934
0.374319
0.428101
0.475142
0.507078
0.528193
0.551487
0.582899
0.608406
0.609942
0.584718
0.547937
0.513146
0.483543
0.457088
0.435262
0.416777
0.392356
0.347056
0.276048
0.190422
0.108748
0.0387117
-0.025519
-0.0916864
-0.152757
-0.198035
-0.232389
-0.280722
-0.358066
-0.445896
-0.506616
-0.522886
-0.511939
-0.501089
-0.49787
-0.496066
-0.499904
-0.522078
-0.556555
-0.571418
-0.537485
-0.46152
-0.375027
-0.301858
-0.238175
-0.171681
-0.0999663
-0.028749
0.0381686
0.0999608
0.155086
0.200848
0.244311
0.298197
0.373867
0.468829
0.572173
0.665764
0.732616
0.7634
0.761989
0.744214
0.72778
0.715893
0.698157
0.663794
0.615565
0.566246
0.525914
0.492663
0.460175
0.426161
0.388873
0.338672
0.261562
0.152386
0.0236429
-0.108201
-0.229317
-0.329411
-0.397313
-0.431792
-0.450151
-0.477393
-0.520295
-0.564796
-0.595487
-0.617094
-0.645445
-0.684814
-0.721751
-0.737814
-0.725535
-0.686736
-0.622896
-0.534562
-0.433291
-0.342781
-0.281527
-0.241339
-0.195224
-0.125164
-0.0388918
0.047751
0.134701
0.230921
0.330409
0.409278
0.455855
0.488316
0.537162
0.613119
0.701921
0.782625
0.837855
0.853821
0.823806
0.760031
0.694766
0.653024
0.631674
0.608169
0.568177
0.514745
0.454163
0.384771
0.302083
0.205325
0.0957792
-0.0268689
-0.155807
-0.276076
-0.375339
-0.456821
-0.532701
-0.610598
-0.685954
-0.752395
-0.809182
-0.860208
-0.905906
-0.942461
-0.965568
-0.974087
-0.967632
-0.946625
-0.913501
-0.873743
-0.828958
-0.772492
-0.690157
-0.571289
-0.423286
-0.271433
-0.142544
-0.0482082
0.0247876
0.100388
0.19959
0.327246
0.472801
0.615679
0.741609
0.846577
0.935233
1.00945
1.06824
1.11448
1.15715
1.19754
1.222
1.21324
1.16913
1.10177
1.02178
0.932568
0.840077
0.754782
0.680255
0.599411
0.48899
0.34094
0.171465
0.00459634
-0.150063
-0.301269
-0.461861
-0.635095
-0.813582
-0.984689
-1.13322
-1.24365
-1.3119
-1.35394
-1.39964
-1.47021
-1.56161
-1.6512
-1.71444
-1.73541
-1.71029
-1.64534
-1.55808
-1.46636
-1.37536
-1.2748
-1.15199
-1.00619
-0.849446
-0.696165
-0.554319
-0.421038
-0.283506
-0.124627
0.0659007
0.278999
0.487409
0.664209
0.804793
0.927751
1.05408
1.18886
1.32374
1.44686
1.54484
1.60125
1.60924
1.58533
1.56128
1.55488
1.55533
1.534
1.47402
1.38
1.26847
1.15058
1.02604
0.890079
0.742986
0.589077
0.429991
0.264528
0.0942992
-0.0763636
-0.249568
-0.429052
-0.608301
-0.763603
-0.87815
-0.963184
-1.04423
-1.13739
-1.23703
-1.32807
-1.39829
-1.43748
-1.43997
-1.40998
-1.36621
-1.32594
-1.28886
-1.23122
-1.12465
-0.965141
-0.78056
-0.610515
-0.478068
-0.38047
-0.297013
-0.198425
-0.0552991
0.14658
0.387918
0.620905
0.801138
0.922053
1.01241
1.10866
1.22707
1.35855
1.47571
1.55263
1.57848
1.56547
1.54254
1.53646
1.55404
1.57903
1.58174
1.53805
1.44438
1.31459
1.16856
1.02147
0.881096
0.749038
0.620359
0.484248
0.331506
0.164666
-0.000852406
-0.147544
-0.270999
-0.383682
-0.506298
-0.649625
-0.808876
-0.962866
-1.08796
-1.16968
-1.21023
-1.22302
-1.223
-1.22299
-1.23061
-1.24414
-1.25074
-1.23366
-1.18607
-1.11501
-1.03213
-0.945939
-0.857611
-0.762076
-0.649386
-0.509732
-0.34588
-0.17816
-0.0354548
0.065392
0.132673
0.195448
0.284751
0.413867
0.569619
0.720966
0.835653
0.899553
0.921554
0.92736
0.942649
0.976005
1.01601
1.03686
1.01799
0.960543
0.888828
0.831898
0.799071
0.773896
0.730616
0.651687
0.536066
0.394091
0.243149
0.105482
0.000185376
-0.0722891
-0.135435
-0.220336
-0.337603
-0.470357
-0.592814
-0.692535
-0.772427
-0.83331
-0.873126
-0.897672
-0.925893
-0.971617
-1.02317
-1.05238
-1.0429
-1.00644
-0.967653
-0.94183
-0.926703
-0.910354
-0.878229
-0.817877
-0.724493
-0.608827
-0.495745
-0.407172
-0.34828
-0.3042
-0.252862
-0.179583
-0.0827323
0.0303386
0.144047
0.241393
0.311504
0.35436
0.381619
0.405857
0.430651
0.450711
0.463046
0.475633
0.500652
0.538411
0.573114
0.583833
0.561225
0.510061
0.441548
0.368471
0.304078
0.257672
0.226013
0.195004
0.151837
0.0941714
0.030007
-0.0318114
-0.0857948
-0.132281
-0.1783
-0.234987
