-0.0115687
-0.00994801
-0.0141096
-0.0147736
-0.0220254
-0.0245093
-0.0324507
-0.0355414
-0.0444293
-0.0486605
-0.0586338
-0.0636129
-0.0739332
-0.0788855
-0.0889777
-0.0935757
-0.103254
-0.107337
-0.116382
-0.119657
-0.124565
-0.125403
-0.125664
-0.124682
-0.123848
-0.121973
-0.119203
-0.114456
-0.108272
-0.100273
-0.091172
-0.0808223
-0.0697406
-0.0577167
-0.045158
-0.0319381
-0.0184925
-0.00469674
0.00907027
0.0229079
0.0364464
0.0497516
0.0624881
0.0747081
0.0860862
0.0966518
0.106124
0.114567
0.121771
0.127842
0.132626
0.136219
0.138441
0.139357
0.138847
0.137068
0.133997
0.129795
0.124408
0.117992
0.110574
0.102384
0.0934428
0.0838835
0.0737154
0.0631988
0.052485
0.0417709
0.0310156
0.0203354
0.00984201
-0.000182917
-0.00965146
-0.0184046
-0.0264237
-0.0335413
-0.0398026
-0.0452512
-0.0499743
-0.0537648
-0.0564333
-0.057874
-0.0582748
-0.0577094
-0.0561783
-0.053585
-0.0500612
-0.0457376
-0.0407023
-0.0348796
-0.0283482
-0.0213098
-0.0140187
-0.00647128
0.00140343
0.00960173
0.017819
0.0257382
0.0331671
0.0401892
0.0468717
0.0531859
0.0589034
0.0638886
0.0681492
0.0718806
0.0751513
0.0778413
0.0796894
0.0805537
0.0803734
0.0791249
0.0767381
0.073296
0.0690109
0.0641905
0.0589797
0.0533789
0.047329
0.0409238
0.0342614
0.02733
0.0199329
0.011951
0.00343184
-0.00538805
-0.014184
-0.0225128
-0.0299959
-0.0365211
-0.0423347
-0.0477056
-0.0526708
-0.0571091
-0.0610879
-0.0648823
-0.0685881
-0.0718457
-0.0742392
-0.075744
-0.0766128
-0.0767694
-0.0757566
-0.0732856
-0.0697332
-0.0658118
-0.0619071
-0.0578808
-0.0535012
-0.0487874
-0.0439272
-0.0390366
-0.0341772
-0.0293991
-0.0246523
-0.0196777
-0.0142361
-0.00847747
-0.00299226
0.00168388
0.00549075
0.00868922
0.0114391
0.0137006
0.0156165
0.017614
0.0199631
0.0223375
0.0240343
0.0245942
0.0239593
0.0222256
0.0194765
0.0160976
0.0128226
0.0102317
0.00811086
0.00571232
0.00264951
-0.000650924
-0.00369102
-0.0067042
-0.0105026
-0.0155009
-0.0211747
-0.0264897
-0.0307201
-0.0336992
-0.0354954
-0.0361988
-0.0362204
-0.0364156
-0.0376258
-0.0400075
-0.0430325
-0.0460913
-0.0487942
-0.0506116
-0.00800266
0.0592785
0.0679054
16.1536
6.59595
-3.47989
-6.20885
-1.77211
2.93894
5.35021
4.80636
3.32144
1.81304
1.15072
0.783935
0.578286
0.0836433
-0.376513
-0.8242
-0.989354
-1.11916
-1.19984
-1.48033
-1.82561
-2.282
-2.63397
-2.93105
-3.06408
-3.16116
-3.17032
-3.20495
-3.19468
-3.21621
-3.1911
-3.17991
-3.1059
-3.02023
-2.85573
-2.66812
-2.40932
-2.14208
-1.83016
-1.53246
-1.21177
-0.914552
-0.598628
-0.300769
0.0194026
0.324496
0.645291
0.941825
1.23981
1.50136
1.7504
1.95418
2.13973
2.28139
2.40577
2.48792
2.5516
2.57427
2.57937
2.54608
2.4946
2.40401
2.29277
2.14308
1.97651
1.78065
1.577
1.3517
1.12196
0.874071
0.625794
0.366545
0.114513
-0.139687
-0.380022
-0.617946
-0.84041
-1.05682
-1.25073
-1.42812
-1.57503
-1.70182
-1.79936
-1.87839
-1.92857
-1.95803
-1.95707
-1.93524
-1.88495
-1.81545
-1.7199
-1.60896
-1.47732
-1.33269
-1.16669
-0.987819
-0.794051
-0.597667
-0.394929
-0.192695
0.0146447
0.218837
0.423142
0.619633
0.812106
0.992435
1.16262
1.31468
1.45306
1.57371
1.68198
1.77109
1.84178
1.88654
1.90945
1.90787
1.88743
1.84452
1.78391
1.70313
1.60748
1.49374
1.3659
1.22158
1.06685
0.901934
0.734089
0.56242
0.390291
0.214412
0.0406994
-0.12782
-0.283511
-0.42947
-0.566424
-0.698607
-0.820264
-0.929518
-1.02185
-1.10054
-1.16343
-1.21133
-1.24073
-1.25602
-1.25798
-1.24808
-1.21976
-1.17381
-1.11353
-1.04819
-0.976058
-0.892219
-0.790277
-0.676762
-0.558477
-0.440225
-0.317217
-0.190817
-0.0653775
0.0520563
0.165249
0.277452
0.388625
0.488936
0.574934
0.648999
0.719603
0.787476
0.850227
0.901108
0.938482
0.960129
0.966594
0.954804
0.925242
0.880478
0.830457
0.78076
0.731843
0.677189
0.615904
0.549681
0.480965
0.404799
0.318107
0.221161
0.120482
0.0192168
-0.0803292
-0.176189
-0.260961
-0.331249
-0.388536
-0.439376
-0.484592
-0.523005
-0.55528
-0.589318
-0.62864
-0.668416
-0.697017
-0.710165
-0.710432
-0.702511
-0.683845
-0.651773
-0.607867
-0.5605
-0.514179
-0.468017
-0.417138
-0.362239
-0.30774
-0.259687
-0.218349
-0.180078
-0.137999
-0.0885488
-0.0315959
0.027577
0.0845867
0.136789
0.183607
0.221089
0.24481
0.255322
0.261286
0.269549
0.279544
0.285679
0.287815
0.289769
0.292734
0.288539
0.269087
0.234102
0.193405
0.156586
0.127317
0.101244
0.0740444
0.0443178
0.0142729
-0.0171693
-0.0533912
-0.0963487
-0.140008
-0.176041
-0.201805
-0.224493
-0.250808
-0.279099
-0.300337
-0.310014
-0.31199
-0.314447
-0.321143
-0.331334
-0.341799
-0.350226
-0.353443
-0.348887
-0.334938
-0.31412
-0.291034
-0.27046
-0.252617
-0.234443
-0.211634
-0.182776
-0.148459
-0.112629
-0.0806872
-0.0602721
-0.0542521
-0.0564287
-0.0528093
-0.0327665
0.00470997
0.0529277
0.104147
0.151086
0.185484
0.199116
0.191498
0.173809
0.160686
0.159331
0.168657
0.185777
0.210261
0.238918
0.264251
0.2774
0.274171
0.256981
0.231961
0.206048
0.185749
0.173552
0.167581
0.163673
0.159174
0.155472
0.154793
0.155503
0.151154
0.134304
0.101911
0.0586289
0.0156414
-0.0170565
-0.0344621
-0.0385056
-0.034748
-0.0319122
-0.0391454
-0.0608409
-0.0909078
-0.116936
-0.130728
-0.135183
-0.137995
-0.143347
-0.150348
-0.157921
-0.166087
-0.17392
-0.176836
-0.170611
-0.156736
-0.143675
-0.138671
-0.140007
-0.139906
-0.13546
-0.131135
-0.129502
-0.122765
-0.100533
-0.0632853
-0.0241333
0.00469659
0.020257
0.0273239
0.0295804
0.0310277
0.0387789
0.0585135
0.0853953
0.107734
0.120339
0.131173
0.149585
0.172906
0.188283
0.188983
0.181595
0.177207
0.177635
0.176541
0.170424
0.164038
0.163161
0.167038
0.170321
0.169631
0.16353
0.149316
0.123896
0.090119
0.0578512
0.0372125
0.0300019
0.0289666
0.0244972
0.0115175
-0.00906784
-0.0309419
-0.0468417
-0.0552167
-0.063197
-0.0779888
-0.095465
-0.101669
-0.0909972
-0.0767301
-0.0774556
-0.0954394
-0.116186
-0.125841
-0.122102
-0.106906
-0.0798375
-0.042277
-0.00471835
0.017635
0.0186078
0.008893
0.00561906
0.0159718
0.0326227
0.0472711
0.0654413
0.0972574
0.136379
0.157368
0.143804
0.113767
0.103597
0.130322
0.175636
0.212091
0.231298
0.239556
0.232034
0.196361
0.138241
0.0901703
0.081277
0.105639
0.131968
0.137493
0.126521
0.112643
0.0989448
0.0811723
0.0563569
0.0252483
-0.0127664
-0.0587653
-0.10473
-0.136352
-0.141365
-0.120778
-0.0847229
-0.0500216
-0.033075
-0.0421377
-0.0729965
-0.109031
-0.132489
-0.139693
-0.141302
-0.147961
-0.15749
-0.157307
-0.138223
-0.102639
-0.0580387
-0.00746565
0.0459445
0.0915895
0.113927
0.106698
0.0807669
0.0514362
0.030887
0.0282675
0.0531655
0.105757
0.167299
0.211897
0.23154
0.239623
0.250583
0.2593
0.249278
0.216158
0.173047
0.138627
0.120362
0.11699
0.127357
0.151783
0.179334
0.187453
0.15853
0.102118
0.0462982
0.0106184
-0.0114283
-0.0340586
-0.0560427
-0.0667728
-0.070968
-0.0909263
-0.137125
-0.189929
-0.217799
-0.208755
-0.176248
-0.140226
-0.117533
-0.121272
-0.157947
-0.214997
-0.260285
-0.268816
-0.244214
-0.209401
-0.179545
-0.152318
-0.122581
-0.0930161
-0.0695314
-0.0541704
-0.0472841
-0.0506351
-0.0591793
-0.0595033
-0.0410904
-0.0087224
0.0236442
0.0469107
0.0639898
0.0799467
0.0940905
0.101474
0.100531
0.0943451
0.0864498
0.0776352
0.0679191
0.0569502
0.042357
0.0191581
-0.013752
-0.0487967
-0.0708726
-0.0680036
-0.046301
-0.0294032
-0.0425338
-0.0953756
-0.172906
-0.249107
-0.301048
-0.32174
-0.319793
-0.313685
-0.315839
-0.328327
-0.344848
-0.361845
-0.378958
-0.391979
-0.390943
-0.373651
-0.353244
-0.346548
-0.355676
-0.368578
-0.375094
-0.372385
-0.355463
-0.314889
-0.248501
-0.174848
-0.118989
-0.0907939
-0.0761643
-0.0531494
-0.014457
0.028923
0.0617433
0.0784759
0.0841242
0.0891274
0.106434
0.149581
0.220638
0.301931
0.361954
0.378191
0.353454
0.309541
0.270253
0.251189
0.255962
0.278508
0.301643
0.308248
0.293988
0.270389
0.251462
0.239637
0.224605
0.194012
0.141967
0.0736555
0.00420478
-0.0468066
-0.0666532
-0.0618817
-0.0573352
-0.0774738
-0.124617
-0.177897
-0.214274
-0.226689
-0.221789
-0.209862
-0.202998
-0.216506
-0.256486
-0.305794
-0.332444
-0.318607
-0.275372
-0.231896
-0.205886
-0.193772
-0.180369
-0.156039
-0.122854
-0.0874827
-0.0517836
-0.0136443
0.026188
0.0641138
0.0992251
0.133383
0.161949
0.178767
0.187932
0.210908
0.262317
0.328951
0.383428
0.408078
0.407092
0.394422
0.381368
0.377522
0.388144
0.408953
0.421396
0.408663
0.371748
0.33541
0.329185
0.358546
0.397247
0.407534
0.368308
0.284478
0.178962
0.0833828
0.0294961
0.0339432
0.0797953
0.121629
0.117307
0.0624938
-0.0119959
-0.067748
-0.0867384
-0.0764637
-0.0629496
-0.0709391
-0.110359
-0.168288
-0.215406
-0.224715
-0.189527
-0.126393
-0.0656089
-0.0320755
-0.0304388
-0.0480764
-0.0665676
-0.0723271
-0.0593746
-0.0280033
0.0148205
0.0562083
0.0847895
0.100934
0.117857
0.150921
0.202403
0.257817
0.294499
0.299867
0.277014
0.24562
0.227965
0.237394
0.270726
0.313857
0.351299
0.369964
0.362148
0.329751
0.285985
0.248215
0.224044
0.207466
0.187965
0.158411
0.119085
0.0766874
0.0428701
0.0292592
0.0349405
0.0415027
0.0219701
-0.0385732
-0.129965
-0.221298
-0.279794
-0.290491
-0.265026
-0.233004
-0.225418
-0.255262
-0.312718
-0.371302
-0.40477
-0.404138
-0.380646
-0.360081
-0.363231
-0.389302
-0.414573
-0.410709
-0.369297
-0.307819
-0.25316
-0.224369
-0.223592
-0.242099
-0.264039
-0.268764
-0.238779
-0.175231
-0.103213
-0.0553621
-0.0438097
-0.0531102
-0.0588443
-0.0498169
-0.0300831
-0.00146765
0.0372022
0.0794045
0.105606
0.101564
0.078676
0.0650177
0.0769838
0.103074
0.118977
0.109918
0.0787858
0.0382659
0.00377411
-0.0112574
-0.000969097
0.0250245
0.0430428
0.0324044
-0.0108096
-0.0704491
-0.123183
-0.153071
-0.157273
-0.141963
-0.121626
-0.11222
-0.123675
-0.15515
-0.194244
-0.227732
-0.25152
-0.270488
-0.287353
-0.293978
-0.278156
-0.239668
-0.194526
-0.163978
-0.157809
-0.171781
-0.195323
-0.216361
-0.222444
-0.205116
-0.168532
-0.127729
-0.0964964
-0.0781627
-0.065729
-0.0513327
-0.0304585
-0.00437455
0.018988
0.0276604
