0.0147556
0.0058082
0.0150288
0.014314
0.0234136
0.0227038
0.032348
0.0323452
0.0427786
0.0436716
0.0550084
0.0566517
0.0685686
0.0706152
0.0828012
0.0849878
0.0972337
0.0994056
0.111576
0.113576
0.121434
0.123308
0.126396
0.128561
0.131009
0.132896
0.134345
0.134736
0.134397
0.13305
0.131036
0.128144
0.124661
0.120432
0.115756
0.110558
0.105124
0.0993749
0.0935393
0.0875341
0.0815669
0.0755888
0.0698255
0.0642467
0.0590048
0.0540033
0.0493769
0.0450994
0.0413379
0.0380668
0.0354359
0.0334258
0.0321314
0.0314353
0.0313491
0.0317905
0.0328684
0.0345703
0.0369468
0.0398457
0.0432047
0.0469025
0.0509741
0.0553257
0.0599036
0.0645592
0.069283
0.0739935
0.0786711
0.0832283
0.0877126
0.092092
0.0963181
0.100162
0.10359
0.106547
0.109083
0.111055
0.112369
0.112938
0.112846
0.11218
0.111109
0.109781
0.10832
0.106627
0.104482
0.101652
0.0981452
0.0941104
0.0897583
0.0851675
0.0803571
0.075314
0.0701416
0.0649477
0.0598344
0.0547932
0.0498193
0.0448935
0.0400604
0.0353365
0.0307912
0.0265389
0.0227785
0.0196606
0.017181
0.0150756
0.0130737
0.0110918
0.0093035
0.0078494
0.00672568
0.00588058
0.00544966
0.0056801
0.00666501
0.00814238
0.00976456
0.0113253
0.0127979
0.0140864
0.0151453
0.0161936
0.0175646
0.0192078
0.0206767
0.021568
0.0219239
0.0219646
0.0218224
0.0215832
0.0214824
0.0216431
0.0216829
0.0208276
0.0186424
0.0154657
0.0120811
0.00889454
0.00571216
0.00218501
-0.00172789
-0.00592503
-0.0103991
-0.0151404
-0.0198713
-0.024255
-0.0284032
-0.0330038
-0.0386602
-0.0452291
-0.0518067
-0.0574279
-0.0617543
-0.0652353
-0.0687022
-0.0728413
-0.0778404
-0.0834231
-0.0890117
-0.0938724
-0.0974123
-0.0995932
-0.100868
-0.101658
-0.101953
-0.101744
-0.10154
-0.102061
-0.10339
-0.104755
-0.105186
-0.104272
-0.10209
-0.0988457
-0.0948923
-0.0910159
-0.0882899
-0.0872383
-0.0872171
-0.0868436
-0.085076
-0.0818972
-0.0779812
-0.0740586
-0.0705478
-0.067655
-0.065166
-0.0624106
-0.0587013
-0.0542742
-0.0504108
-0.0482961
-0.0478093
-0.0477956
-0.0472663
-0.0461133
-0.0992409
-0.155721
-0.133005
-20.6748
1.077
4.16318
2.26005
-0.471456
-2.09263
-2.94014
-2.65062
-2.16303
-1.68843
-1.58731
-1.45871
-1.33079
-0.99516
-0.674999
-0.334054
-0.150914
0.000569132
0.0752181
0.217059
0.354171
0.54894
0.699461
0.857588
0.956161
1.06407
1.13394
1.22587
1.28957
1.36923
1.41243
1.45474
1.44733
1.42302
1.34131
1.23923
1.09015
0.938173
0.765803
0.613833
0.459858
0.33106
0.197909
0.081029
-0.0475506
-0.169003
-0.308655
-0.445371
-0.595273
-0.732101
-0.868844
-0.983134
-1.08925
-1.16768
-1.23373
-1.27253
-1.30025
-1.302
-1.29137
-1.25574
-1.21074
-1.14591
-1.07426
-0.984282
-0.889079
-0.779937
-0.669283
-0.54717
-0.424407
-0.293056
-0.165593
-0.0353765
0.0874136
0.211478
0.32852
0.44617
0.555135
0.66158
0.75675
0.847553
0.926988
1.00181
1.06431
1.11916
1.15843
1.18732
1.19941
1.20035
1.18477
1.15881
1.11718
1.0648
0.997595
0.92437
0.845049
0.766748
0.683525
0.597603
0.504451
0.4108
0.315128
0.222799
0.130432
0.0431512
-0.0409801
-0.117012
-0.188484
-0.251833
-0.308753
-0.352261
-0.382505
-0.396731
-0.402658
-0.402326
-0.40034
-0.390687
-0.371196
-0.335837
-0.287494
-0.226027
-0.156762
-0.0788693
0.0040567
0.0930035
0.183324
0.275264
0.366049
0.458744
0.551375
0.644255
0.732098
0.815056
0.891629
0.965378
1.03427
1.09813
1.15302
1.20052
1.2385
1.26636
1.27925
1.27937
1.26958
1.2549
1.23233
1.20028
1.15823
1.11248
1.06359
1.00876
0.941766
0.865899
0.786114
0.705548
0.618058
0.521704
0.420862
0.326694
0.242346
0.164656
0.0860473
0.00645554
-0.0720963
-0.146714
-0.220345
-0.293169
-0.362195
-0.418784
-0.460782
-0.492356
-0.522873
-0.55368
-0.580524
-0.596708
-0.603469
-0.603888
-0.599657
-0.58614
-0.56225
-0.531616
-0.501511
-0.471734
-0.438047
-0.396588
-0.351674
-0.308292
-0.267773
-0.22507
-0.17831
-0.129582
-0.0842561
-0.0436398
-0.00819614
0.0233748
0.0519068
0.0816001
0.115066
0.151585
0.183778
0.204462
0.210903
0.2086
0.204195
0.202094
0.200804
0.19792
0.189714
0.174058
0.149273
0.118062
0.0854214
0.0575566
0.0355328
0.0149555
-0.013211
-0.0533535
-0.101383
-0.145091
-0.175418
-0.192243
-0.204157
-0.219527
-0.244419
-0.28147
-0.331571
-0.386399
-0.430824
-0.45166
-0.451173
-0.442679
-0.440632
-0.448604
-0.462809
-0.47825
-0.493111
-0.50548
-0.512161
-0.509246
-0.497318
-0.481858
-0.47077
-0.466374
-0.46392
-0.455396
-0.438014
-0.414519
-0.389934
-0.366969
-0.348785
-0.340103
-0.344381
-0.356073
-0.362468
-0.352092
-0.324956
-0.29104
-0.263067
-0.247872
-0.246114
-0.25317
-0.263114
-0.270838
-0.275602
-0.279005
-0.282474
-0.283848
-0.279282
-0.265985
-0.247056
-0.231056
-0.22846
-0.244466
-0.274683
-0.307702
-0.330498
-0.335335
-0.323949
-0.306213
-0.294153
-0.292302
-0.296589
-0.298337
-0.293528
-0.285631
-0.284216
-0.294819
-0.314209
-0.330256
-0.329866
-0.307043
-0.268568
-0.232227
-0.215799
-0.224147
-0.245899
-0.258876
-0.246507
-0.207441
-0.156989
-0.117433
-0.105099
-0.119307
-0.141669
-0.147068
-0.119955
-0.0634355
0.00166635
0.0506692
0.0679618
0.0547398
0.0267367
0.00367749
0.000370608
0.0213159
0.0616714
0.109406
0.149395
0.170257
0.171066
0.162315
0.157122
0.161959
0.174116
0.187691
0.198058
0.202968
0.201717
0.196524
0.192591
0.195096
0.203313
0.209123
0.202462
0.181196
0.154531
0.136506
0.134186
0.143863
0.156425
0.1656
0.16884
0.163789
0.14824
0.123137
0.0966007
0.0782734
0.0730585
0.0791798
0.0899664
0.0979797
0.098568
0.0927829
0.0867887
0.0878727
0.0987922
0.116517
0.134611
0.147621
0.153715
0.155589
0.158179
0.165473
0.178222
0.194723
0.212263
0.228786
0.243691
0.258091
0.273084
0.288143
0.301052
0.311989
0.326182
0.351659
0.390845
0.433738
0.46174
0.46097
0.435598
0.406094
0.392334
0.399143
0.415525
0.427554
0.430758
0.429743
0.428029
0.423284
0.412843
0.400416
0.392956
0.392839
0.396766
0.401986
0.407995
0.410337
0.395173
0.348349
0.274358
0.201637
0.165478
0.17975
0.225269
0.267324
0.276026
0.238968
0.165818
0.0863337
0.0439362
0.0687002
0.150456
0.235126
0.26197
0.210014
0.112314
0.0270969
-0.00560658
0.0183575
0.077058
0.140497
0.181071
0.180523
0.142545
0.0949136
0.0728886
0.0926794
0.139828
0.184504
0.201994
0.188603
0.156733
0.127961
0.116907
0.126603
0.1481
0.173585
0.201254
0.229001
0.246122
0.238868
0.205645
0.162916
0.12845
0.105782
0.0884289
0.0757067
0.0768725
0.0966285
0.123506
0.13501
0.114544
0.0652415
0.00575359
-0.0466875
-0.081181
-0.0943306
-0.0875567
-0.0702563
-0.0575709
-0.0561522
-0.0618675
-0.0682553
-0.0778505
-0.101559
-0.144658
-0.197376
-0.246213
-0.282462
-0.304394
-0.3069
-0.281333
-0.22754
-0.163846
-0.118713
-0.109888
-0.135473
-0.182983
-0.236365
-0.277075
-0.284789
-0.254206
-0.20673
-0.17971
-0.193864
-0.234114
-0.265504
-0.265226
-0.236865
-0.196918
-0.160204
-0.139859
-0.146828
-0.179389
-0.218855
-0.24446
-0.255785
-0.267968
-0.288754
-0.305708
-0.303023
-0.283218
-0.266171
-0.268186
-0.293505
-0.339149
-0.39547
-0.437729
-0.435071
-0.381863
-0.315417
-0.291985
-0.339186
-0.434254
-0.528169
-0.580024
-0.574706
-0.518825
-0.436758
-0.364496
-0.335635
-0.361018
-0.419643
-0.475529
-0.501831
-0.493844
-0.461855
-0.41985
-0.377789
-0.342105
-0.312593
-0.28615
-0.260307
-0.240792
-0.234516
-0.241963
-0.250467
-0.244263
-0.215923
-0.171385
-0.124442
-0.0881275
-0.0712235
-0.0761482
-0.0942591
-0.108783
-0.10205
-0.0685744
-0.0199531
0.0179567
0.0213056
-0.0151599
-0.070143
-0.108141
-0.105622
-0.0687029
-0.0276229
-0.0131222
-0.0363863
-0.0844253
-0.132133
-0.156956
-0.15196
-0.130982
-0.120395
-0.139473
-0.18481
-0.234011
-0.266953
-0.28107
-0.287188
-0.294722
-0.3033
-0.304883
-0.289698
-0.254121
-0.209384
-0.179877
-0.189128
-0.239544
-0.303071
-0.338261
-0.319988
-0.25596
-0.179794
-0.124221
-0.102605
-0.10655
-0.112582
-0.0936688
-0.0375812
0.0367035
0.089518
0.0969264
0.0771447
0.0736394
0.112773
0.182338
0.249582
0.290081
0.299075
0.28677
0.274609
0.289717
0.345827
0.423129
0.475061
0.469243
0.422064
0.389028
0.416397
0.498184
0.583177
0.614151
0.567505
0.466029
0.362942
0.315291
0.354623
0.466408
0.587507
0.641003
0.588571
0.461533
0.339158
0.291484
0.333273
0.41939
0.480225
0.469449
0.392199
0.296541
0.24321
0.266372
0.3547
0.454674
0.50465
0.476347
0.389746
0.294246
0.236734
0.23986
0.297449
0.38065
0.452983
0.488741
0.483844
0.451735
0.40677
0.358833
0.317436
0.302182
0.334776
0.418241
0.521111
0.58869
0.579284
0.494975
0.382107
0.304226
0.304848
0.381176
0.482242
0.540977
0.51859
0.428783
0.323865
0.258356
0.258724
0.31227
0.37624
0.401616
0.362296
0.269251
0.164407
0.092417
0.0736317
0.0954891
0.127769
0.144798
0.134644
0.0994373
0.0521461
0.00925758
-0.0209184
-0.0437815
-0.06735
-0.0868549
-0.088275
-0.0697246
-0.05205
-0.0626802
-0.110745
-0.17603
-0.222519
-0.221856
-0.172303
-0.100289
-0.0406906
-0.0188716
-0.0378657
-0.0830225
-0.128362
-0.152589
-0.151362
-0.134622
-0.114325
-0.0912946
-0.0579905
-0.0126411
0.0336199
0.0610003
0.0534413
0.0113949
-0.0451203
-0.0863371
-0.0893474
-0.0536576
-0.00156908
0.0337542
0.0311005
-0.00171444
-0.0351267
-0.0435358
-0.0302564
-0.0238883
-0.0498172
-0.107564
-0.172507
-0.216066
-0.220318
-0.188904
-0.149712
-0.140509
-0.185433
-0.273074
-0.364486
-0.418884
-0.420184
-0.382336
-0.338848
-0.325432
-0.361246
-0.437037
-0.518654
-0.568159
-0.570652
-0.542049
-0.516317
-0.521357
-0.560465
-0.613026
-0.647163
-0.641489
-0.597699
-0.540882
-0.50309
-0.503769
-0.537715
-0.580807
-0.609249
-0.613994
-0.60064
-0.574158
-0.534412
-0.487806
-0.452481
-0.441736
-0.445683
-0.440689
-0.415285
-0.38286
-0.363264
-0.363088
-0.373805
-0.382911
-0.378484
-0.352202
-0.3042
-0.24769
-0.204552
-0.19192
-0.212123
-0.251502
-0.288842
-0.303635
-0.283664
-0.229751
-0.162858
-0.113797
-0.10599
-0.138095
-0.185212
-0.216951
-0.216404
-0.185594
-0.14046
-0.100148
-0.0800373
-0.0862123
