-0.100183
-0.0651671
-0.0716805
-0.0541145
-0.0966298
-0.091396
-0.128305
-0.117191
-0.153288
-0.145291
-0.185882
-0.181294
-0.223077
-0.217571
-0.257772
-0.250874
-0.290253
-0.28249
-0.3206
-0.310844
-0.319041
-0.300913
-0.288054
-0.278332
-0.280538
-0.282201
-0.280606
-0.268301
-0.2503
-0.227058
-0.203896
-0.179084
-0.154107
-0.12603
-0.0965993
-0.0645685
-0.0324047
0.000782617
0.0331763
0.0659641
0.097701
0.129207
0.159067
0.187969
0.214472
0.239222
0.261055
0.280696
0.297146
0.311068
0.321568
0.329318
0.333541
0.334848
0.33255
0.32734
0.318794
0.307728
0.293808
0.277739
0.259179
0.238862
0.216617
0.193196
0.168408
0.14294
0.116705
0.0904404
0.0640854
0.0383371
0.0132129
-0.0105902
-0.0331708
-0.0540744
-0.0734459
-0.0907464
-0.106055
-0.119023
-0.129919
-0.138436
-0.144713
-0.148362
-0.14949
-0.147736
-0.143305
-0.136167
-0.126925
-0.115761
-0.103099
-0.0888062
-0.0731398
-0.0560945
-0.0381392
-0.019397
-0.000257407
0.0192596
0.0387747
0.0581503
0.0769255
0.0949645
0.111892
0.127631
0.141876
0.154682
0.165924
0.17577
0.183832
0.190005
0.193792
0.19518
0.194185
0.191096
0.185845
0.178579
0.169423
0.158866
0.147046
0.133984
0.119427
0.103484
0.0862604
0.0679934
0.0487951
0.0292274
0.00982107
-0.00920201
-0.0281063
-0.0468888
-0.0653831
-0.0830939
-0.0997646
-0.115034
-0.128561
-0.14
-0.149679
-0.158209
-0.16602
-0.172663
-0.177398
-0.179766
-0.180054
-0.178613
-0.175626
-0.171039
-0.165027
-0.157671
-0.148905
-0.138515
-0.126849
-0.114739
-0.103037
-0.0917555
-0.0802418
-0.0676879
-0.0539998
-0.0397766
-0.0260787
-0.0137262
-0.00311319
0.00592587
0.0137915
0.0211354
0.0284074
0.0355964
0.042144
0.0476164
0.0519565
0.0551965
0.0568021
0.0561119
0.0530533
0.0484922
0.0434424
0.038438
0.0334752
0.0284957
0.0232418
0.0170908
0.00908147
-0.00111325
-0.0128115
-0.0243658
-0.0346298
-0.0434262
-0.0513365
-0.0589003
-0.0664636
-0.074065
-0.0814181
-0.0877252
-0.0922439
-0.0951106
-0.0975743
-0.100749
-0.104504
-0.107645
-0.109198
-0.109042
0.262046
0.751655
0.56136
139.419
27.4055
-87.5449
-94.3913
-20.3142
37.9997
52.2862
30.1297
3.20965
-12.6
-11.1718
-2.46411
5.54841
6.40985
2.90694
-2.14335
-4.53279
-4.88131
-3.64368
-3.28698
-3.6464
-5.10329
-6.21495
-7.13601
-7.24453
-7.38437
-7.29141
-7.55493
-7.62983
-7.85158
-7.73963
-7.70526
-7.40073
-7.20104
-6.7451
-6.33805
-5.66285
-5.04227
-4.23012
-3.53443
-2.71235
-2.01547
-1.19753
-0.48299
0.345493
1.06452
1.86025
2.52241
3.22808
3.7905
4.37736
4.81628
5.26395
5.56381
5.86415
6.02056
6.17211
6.18751
6.19907
6.08429
5.96429
5.72423
5.47907
5.12317
4.76324
4.29927
3.83278
3.27474
2.72466
2.10144
1.49946
0.844395
0.227833
-0.417354
-1.00466
-1.59939
-2.12377
-2.64244
-3.08414
-3.5102
-3.85324
-4.17149
-4.40287
-4.60437
-4.71857
-4.79943
-4.79297
-4.75127
-4.62477
-4.46442
-4.22608
-3.96136
-3.62985
-3.2783
-2.86621
-2.44027
-1.96864
-1.50042
-1.00419
-0.521643
-0.0196769
0.461551
0.951959
1.41376
1.87637
2.30405
2.72321
3.09791
3.4546
3.76263
4.04881
4.28039
4.47605
4.60091
4.67699
4.6807
4.64163
4.53974
4.40059
4.20173
3.96722
3.6784
3.36166
3.00096
2.62167
2.20877
1.78888
1.35086
0.920953
0.485708
0.0664786
-0.350346
-0.741455
-1.11729
-1.45699
-1.77505
-2.0544
-2.30812
-2.51911
-2.70294
-2.8469
-2.96404
-3.03557
-3.07203
-3.06203
-3.02309
-2.94286
-2.83131
-2.67646
-2.4977
-2.29118
-2.07038
-1.82144
-1.55801
-1.27827
-1.00079
-0.713898
-0.422709
-0.117208
0.183716
0.479148
0.754034
1.01706
1.25704
1.4779
1.66643
1.83289
1.97409
2.10001
2.19597
2.26106
2.28477
2.28051
2.24712
2.19316
2.10889
2.0029
1.87417
1.73439
1.57505
1.39958
1.20385
1.00268
0.795936
0.589629
0.374908
0.160387
-0.0527228
-0.253088
-0.446693
-0.629991
-0.80831
-0.973783
-1.12931
-1.26637
-1.38518
-1.47611
-1.5446
-1.59171
-1.62969
-1.65568
-1.66961
-1.65999
-1.62823
-1.57166
-1.49887
-1.41008
-1.31387
-1.20897
-1.09932
-0.977424
-0.843787
-0.695125
-0.542501
-0.39289
-0.257168
-0.129217
-0.00302764
0.132564
0.271859
0.40853
0.528834
0.629187
0.702059
0.749303
0.774847
0.796845
0.824598
0.859148
0.88379
0.887657
0.864269
0.821258
0.761156
0.689856
0.607206
0.520661
0.432405
0.346233
0.255207
0.15585
0.0445648
-0.0695066
-0.179542
-0.278484
-0.37027
-0.455858
-0.539239
-0.619787
-0.703657
-0.790857
-0.877479
-0.94773
-0.992007
-1.00762
-1.00665
-0.999495
-0.995316
-0.992774
-0.989769
-0.978669
-0.957035
-0.922664
-0.87992
-0.828956
-0.770422
-0.699334
-0.615711
-0.521601
-0.428333
-0.345379
-0.280628
-0.2287
-0.180772
-0.122815
-0.0495577
0.0383034
0.128573
0.210311
0.276815
0.333301
0.38643
0.441433
0.492984
0.532793
0.55362
0.560046
0.562645
0.575923
0.60446
0.642945
0.672305
0.676281
0.648839
0.602913
0.559616
0.537111
0.535781
0.541923
0.532377
0.492438
0.421978
0.341013
0.273919
0.237867
0.229066
0.228304
0.210258
0.160906
0.0808388
-0.0126522
-0.100428
-0.166163
-0.205937
-0.223131
-0.230362
-0.241362
-0.268122
-0.310257
-0.357921
-0.396779
-0.421055
-0.432347
-0.437313
-0.439579
-0.44222
-0.445054
-0.446761
-0.441372
-0.42468
-0.39676
-0.366771
-0.34424
-0.332404
-0.321621
-0.299016
-0.257179
-0.201026
-0.139404
-0.0798258
-0.0246383
0.0225441
0.0596724
0.0864327
0.111079
0.142019
0.184289
0.234919
0.287396
0.333156
0.367749
0.391193
0.409924
0.430306
0.455455
0.481547
0.502609
0.512533
0.510067
0.497395
0.480151
0.461962
0.444389
0.425505
0.403516
0.37627
0.344171
0.308344
0.270965
0.231599
0.189154
0.143957
0.102374
0.0726091
0.0582116
0.0493484
0.028502
-0.0180782
-0.0852159
-0.152378
-0.198785
-0.219643
-0.225172
-0.229446
-0.236308
-0.241431
-0.240826
-0.237248
-0.233056
-0.225109
-0.206311
-0.174992
-0.134462
-0.0883029
-0.0371633
0.0135657
0.0497927
0.056351
0.0374042
0.0203308
0.0400529
0.109373
0.208731
0.302381
0.360089
0.368482
0.336952
0.29439
0.284046
0.33526
0.437819
0.537069
0.572376
0.522361
0.420351
0.324349
0.274823
0.275882
0.306197
0.335892
0.338113
0.294877
0.21075
0.113906
0.0405743
0.00745052
0.00110387
-0.00775744
-0.0428016
-0.107176
-0.187459
-0.26156
-0.313903
-0.341019
-0.351008
-0.351358
-0.343166
-0.328357
-0.317096
-0.323121
-0.347676
-0.374471
-0.385585
-0.377846
-0.357781
-0.326624
-0.27535
-0.199972
-0.112359
-0.0358672
0.0123715
0.0345187
0.0485881
0.0707686
0.111266
0.172406
0.252059
0.339778
0.419745
0.484322
0.537047
0.5835
0.620671
0.636922
0.626654
0.599084
0.567574
0.540477
0.519582
0.509858
0.520222
0.550898
0.584038
0.591453
0.556063
0.480222
0.377245
0.263797
0.159376
0.0850342
0.0471121
0.0250009
-0.0175715
-0.100509
-0.207671
-0.303321
-0.36365
-0.391549
-0.402625
-0.411131
-0.429471
-0.468188
-0.525019
-0.581073
-0.615256
-0.627163
-0.63183
-0.637242
-0.631087
-0.598016
-0.540889
-0.480246
-0.432923
-0.403994
-0.391174
-0.385782
-0.36389
-0.295696
-0.176447
-0.0445459
0.042861
0.0570798
0.02002
-0.0203027
-0.0237458
0.0239153
0.115445
0.225742
0.318369
0.359202
0.337162
0.272949
0.202535
0.152703
0.128385
0.119476
0.112448
0.097753
0.0696354
0.0289201
-0.0204241
-0.0751322
-0.139913
-0.220752
-0.317005
-0.414998
-0.497785
-0.556896
-0.597093
-0.631155
-0.670993
-0.724458
-0.79296
-0.867058
-0.929131
-0.96089
-0.956205
-0.926271
-0.896535
-0.890689
-0.913833
-0.944773
-0.948115
-0.90069
-0.808986
-0.703857
-0.616654
-0.559404
-0.519942
-0.474195
-0.400604
-0.293416
-0.167587
-0.0507603
0.0366022
0.0966009
0.150437
0.216954
0.297579
0.38029
0.454646
0.519964
0.583425
0.653938
0.734477
0.813181
0.865257
0.866807
0.81529
0.738671
0.678544
0.660226
0.67643
0.694005
0.680899
0.624459
0.533993
0.433897
0.352303
0.302529
0.266834
0.206753
0.0996669
-0.0349547
-0.152309
-0.224789
-0.263308
-0.299448
-0.35644
-0.438
-0.532892
-0.618808
-0.667796
-0.665484
-0.631095
-0.610806
-0.63668
-0.692216
-0.721869
-0.679546
-0.57147
-0.449292
-0.370736
-0.360089
-0.395295
-0.424035
-0.390191
-0.263288
-0.0589334
0.158548
0.311069
0.359054
0.332625
0.309798
0.359441
0.49512
0.670614
0.815232
0.881699
0.874234
0.840143
0.83945
0.90578
1.02733
1.15029
1.2128
1.18654
1.09153
0.977408
0.891352
0.856485
0.867172
0.895254
0.904997
0.871577
0.791825
0.680209
0.552116
0.418549
0.29012
0.187587
0.133765
0.132814
0.154338
0.144703
0.0631853
-0.0871886
-0.259251
-0.388679
-0.431318
-0.38939
-0.31344
-0.270191
-0.298244
-0.383797
-0.474594
-0.516255
-0.482612
-0.386736
-0.271906
-0.187729
-0.161029
-0.181609
-0.208425
-0.197745
-0.130223
-0.0194348
0.103321
0.211307
0.291496
0.34496
0.383602
0.422908
0.470205
0.519199
0.561016
0.599678
0.648518
0.70886
0.759367
0.772257
0.738129
0.677069
0.625054
0.61054
0.635452
0.673689
0.690778
0.661888
0.584584
0.47423
0.357571
0.256756
0.17702
0.109382
0.0428577
-0.0223561
-0.0777135
-0.120413
-0.160594
-0.217056
-0.304927
-0.422842
-0.549953
-0.655707
-0.716505
-0.731225
-0.721648
-0.720494
-0.748646
-0.798045
-0.839005
-0.845888
-0.822094
-0.796392
-0.794452
-0.816157
-0.837354
-0.829997
-0.776763
-0.682063
-0.574434
-0.492461
-0.461124
-0.469892
-0.480699
-0.453645
-0.37354
-0.255207
-0.133018
-0.0435065
-0.00662216
-0.0138398
-0.0316926
-0.02285
0.0270387
0.101599
0.166468
0.193452
0.179031
0.143698
0.119284
0.127225
0.165952
0.210596
0.229385
0.203248
0.137814
0.0577032
-0.0127436
-0.0638772
-0.100666
-0.127405
-0.143275
-0.153967
-0.176918
-0.224712
-0.286771
-0.338779
-0.368622
-0.38907
-0.419404
-0.465685
-0.518918
-0.566181
-0.595205
-0.597377
-0.572619
-0.533988
-0.503291
-0.497647
-0.51945
-0.555163
-0.583765
-0.584995
-0.546948
-0.470801
-0.377927
-0.29958
-0.259668
-0.257353
-0.268271
-0.262572
-0.223906
-0.154841
-0.0718676
0.0053406
0.0608869
0.0882061
