-0.00640318
-0.00602871
0.00053042
0.00774326
0.00689038
0.00687650
0.00670506
0.00647342
0.00627407
0.00615262
0.00613386
0.00620031
0.00627939
0.00630546
0.00627553
0.00623038
0.00620057
0.00618853
0.00618279
0.00617136
0.00614873
0.00611670
0.00608238
0.00605751
0.00605371
0.00607121
0.00609907
0.00613224
0.00617589
0.00622259
0.00624734
0.00624029
0.00622135
0.00621206
0.00621529
0.00622140
0.00621688
0.00618623
0.00611596
0.00601197
0.00592276
0.00593400
0.00608487
0.00631882
0.00655715
0.00677277
0.00695043
0.00697510
0.00670086
0.00615503
0.00550896
0.00489624
0.00434052
0.00394119
0.00401851
0.00475112
0.00585553
0.00666075
0.00662632
0.00599564
0.00548855
0.00553904
0.00611367
0.00690500
0.00761134
0.00813894
0.00848444
0.00845680
0.00784073
0.00688833
0.00623281
0.00621816
0.00661748
0.00699154
0.00711285
0.00698910
0.00658162
0.00580814
0.00475843
0.00362065
0.00248471
0.00126496
-0.00008829
-0.00129843
-0.00200967
-0.00224298
-0.00248350
-0.00332095
-0.00491157
-0.00694542
-0.00887286
-0.00993747
-0.00963881
-0.00833614
-0.00689043
-0.00584665
-0.00516657
-0.00448002
-0.00358694
-0.00295465
-0.00337499
-0.00496703
-0.00725028
-0.00987362
-0.01254528
-0.01490835
-0.01690953
-0.01886414
-0.02102460
-0.02296465
-0.02376160
-0.02322414
-0.02204967
-0.02062130
-0.01857619
-0.01586882
-0.01349467
-0.01236327
-0.01115957
-0.00637539
0.00381843
0.01751342
0.03103313
0.03983335
0.04042448
0.03432231
0.02681488
0.02171454
0.01914201
0.01696859
0.01328241
0.00795347
0.00211509
-0.00326017
-0.00797427
-0.01244961
-0.01713999
-0.02221219
-0.02786240
-0.03444366
-0.04201187
-0.05012992
-0.05828580
-0.06628913
-0.07433494
-0.08257866
-0.08907886
-0.08966966
-0.08293844
-0.07240116
-0.06237269
-0.05502191
-0.05161927
-0.05276831
-0.05652350
-0.05930854
-0.05907631
-0.05654279
-0.05398358
-0.05395013
-0.05798080
-0.06510994
-0.07285780
-0.07914375
-0.07636086
-0.04992083
0.00430245
0.07262814
0.13367620
0.16669610
0.16565570
0.14678590
0.13185190
0.12975700
0.13557030
0.13996110
0.13807520
0.13236140
0.12836480
0.12865460
0.13182580
0.13538020
0.13797910
0.13955870
0.13906440
0.13396680
0.12381140
0.11137180
0.09959577
0.08930871
0.07959876
0.06921335
0.05700673
0.04216272
0.02508666
0.00726631
-0.01011302
-0.02690620
-0.04360060
-0.06068345
-0.07834641
-0.09651635
-0.11497790
-0.13349650
-0.15194130
-0.17030300
-0.18870280
-0.20732530
-0.22618990
-0.24428970
-0.25961660
-0.27162290
-0.28215220
-0.29339550
-0.30539440
-0.31288060
-0.30817070
-0.29022590
-0.26236390
-0.22151770
-0.14546540
-0.00572991
0.16499630
0.27121000
0.26598050
0.19632390
0.13431730
0.11314930
0.12096740
0.12896920
0.11846500
0.08931216
0.05282088
0.02108372
-0.00035366
-0.01421266
-0.02692675
-0.04285526
-0.06233681
-0.08322190
-0.10337370
-0.12203070
-0.13973710
-0.15897200
-0.17261050
-0.13644030
-0.00287429
0.18168960
0.29560700
0.28188140
0.19391950
0.11479590
0.08366330
0.08767006
0.09361394
0.07925053
0.04321211
-0.00088505
-0.02501675
0.00276516
0.08470245
0.17889910
0.22986510
0.21903640
0.17627050
0.14148000
0.13128770
0.13742810
0.14313940
0.13811810
0.12279700
0.10367940
0.08666521
0.07375062
0.06352979
0.05346039
0.04203503
0.02932542
0.01613027
0.00316864
-0.00944499
-0.02028508
-0.02297358
-0.01121105
0.01200255
0.03736168
0.05868008
0.07611698
0.09012394
0.09581384
0.08964916
0.07613858
0.06280973
0.05317285
0.04593454
0.03798790
0.02715980
0.01341037
-0.00167647
-0.01636943
-0.02996275
-0.04286705
-0.05608922
-0.06639727
-0.06093240
-0.02882849
0.01852739
0.05085217
0.04885391
0.02223444
-0.00602509
-0.02205413
-0.02694934
-0.02961401
-0.03732645
-0.05156307
-0.06927971
-0.08663674
-0.10172220
-0.11493200
-0.12838140
-0.13949110
-0.12744620
-0.07491091
-0.01173914
0.01219677
-0.01241416
-0.05594780
-0.08854925
-0.10166450
-0.10453160
-0.10999540
-0.12433230
-0.14584170
-0.17038730
-0.18917540
-0.16100530
-0.03876175
0.12765350
0.21753390
0.18794210
0.09979839
0.02863974
0.00355921
0.00774439
0.01016755
-0.00835025
-0.04197478
-0.04874642
0.01587987
0.12434340
0.19434550
0.18809930
0.13793760
0.09337182
0.07761997
0.08309857
0.09024956
0.08588412
0.06918429
0.04717096
0.02700432
0.01133713
0.00613726
0.02253201
0.05298539
0.07083879
0.06365303
0.04245265
0.02355457
0.01433825
0.01214712
0.01044124
0.00429129
-0.00718400
-0.02155124
-0.03570548
-0.04819051
-0.05853043
-0.06271679
-0.05480697
-0.03578541
-0.01343572
0.00617037
0.02106052
0.02769226
0.02159303
0.00552967
-0.01207840
-0.02575459
-0.03585869
-0.04608491
-0.05964205
-0.07681190
-0.09556813
-0.11385360
-0.13083380
-0.14702050
-0.16349770
-0.17227260
-0.15295970
-0.09652112
-0.02453772
0.02357806
0.02496649
-0.00633542
-0.03938430
-0.05355655
-0.04272387
-0.01256812
0.01959550
0.03349071
0.02261666
-0.00125436
-0.02212152
-0.03302845
-0.03702767
-0.04080533
-0.04870448
-0.06088532
-0.07519489
-0.08947052
-0.10260160
-0.11464590
-0.12632020
-0.13836700
-0.15109650
-0.16459130
-0.17857600
-0.19090850
-0.19785790
-0.19829460
-0.19568500
-0.19410480
-0.19344000
-0.18884700
-0.17683190
-0.14841860
-0.07448786
0.04454072
0.13741080
0.14434280
0.08597939
0.02043667
-0.01365932
-0.00491328
0.03996076
0.09883488
0.14851550
0.18182220
0.20715380
0.23035740
0.24185650
0.23186720
0.20667970
0.18019110
0.15971540
0.14375330
0.12732390
0.10670670
0.08110574
0.05159193
0.02016699
-0.01086466
-0.04033625
-0.06880866
-0.09751419
-0.12712240
-0.15794750
-0.17809820
-0.15571780
-0.07547782
0.02201800
0.07056111
0.04808008
-0.01011434
-0.05854728
-0.07899619
-0.08152847
-0.08516419
-0.10113470
-0.12871890
-0.16037520
-0.18940950
-0.21382610
-0.23659200
-0.25391200
-0.22987830
-0.12022350
0.04977593
0.18182190
0.20624220
0.14796200
0.08027558
0.05041571
0.05740038
0.07353066
0.07602645
0.07158737
0.09082673
0.14605250
0.20575060
0.22787830
0.20685360
0.17033140
0.14466660
0.13645380
0.13662770
0.13352930
0.12199340
0.10405560
0.08474192
0.06771001
0.05332149
0.04295160
0.04482370
0.06630451
0.10139700
0.13196790
0.14200190
0.13197850
0.11589620
0.10623950
0.10410570
0.10112280
0.09015371
0.07162933
0.05044463
0.03066406
0.01212231
-0.00004158
0.02408233
0.09793148
0.16849910
0.18021150
0.14014270
0.09002252
0.05989341
0.05204038
0.05172785
0.04465934
0.02639343
0.00122293
-0.02410005
-0.04573124
-0.06405243
-0.08027298
-0.08979343
-0.08446375
-0.06468626
-0.04007636
-0.01855649
-0.00267240
0.00399704
-0.00278625
-0.01966094
-0.03771693
-0.05143075
-0.06150449
-0.07150401
-0.08404933
-0.09934502
-0.11573500
-0.13156990
-0.14628010
-0.16029320
-0.17452760
-0.18609930
-0.18382860
-0.15834500
-0.11588420
-0.07182447
-0.03673149
-0.01636430
-0.01414787
-0.02537028
-0.03865367
-0.04624594
-0.04858176
-0.04847056
-0.04397915
-0.03179998
-0.01384141
0.00490236
0.01938478
0.02463594
0.02024750
0.01282741
0.01029285
0.01494085
0.02297977
0.02886166
0.02869544
0.02244302
0.01389046
0.00644109
-0.00028688
-0.00879678
-0.02014237
-0.03314146
-0.04636043
-0.05634527
-0.05569778
-0.04087180
-0.01794877
0.00453600
0.02404104
0.03931855
0.04295395
0.03055429
0.00911993
-0.01136047
-0.02544890
-0.02880075
-0.01810262
0.00209738
0.01946050
0.02260476
0.01092568
-0.00602402
-0.01889218
-0.02520979
-0.02826200
-0.03243362
-0.03997817
-0.04791016
-0.04672482
-0.03112780
-0.00910364
0.00834585
0.01706665
0.01703894
0.01036904
0.00166606
-0.00512486
-0.00906259
-0.00965479
-0.00571684
0.00180340
0.00926750
0.01264313
0.01042733
0.00504331
0.00021777
-0.00230979
-0.00324546
-0.00424000
-0.00596140
-0.00587286
0.00003144
0.01201619
0.02643269
0.03945960
0.04693785
0.04436969
0.03317671
0.02185045
0.01712464
0.01840907
0.02087051
0.02067077
0.01742702
0.01264714
0.00594248
-0.00481673
-0.01602751
-0.01768049
-0.00578054
0.01130059
0.02057124
0.01692630
0.00713358
0.00102053
0.00237326
0.00827875
0.01387309
0.01614502
0.01422064
0.00902991
0.00288208
-0.00230554
-0.00667847
-0.01166239
-0.01807551
-0.02548639
-0.03375951
-0.04473507
-0.06003462
-0.07736775
-0.08663755
-0.07493351
-0.04206474
-0.00142020
0.03080235
0.04173134
0.03051625
0.01015011
-0.00541296
-0.01201651
-0.01387275
-0.01383821
-0.00890631
0.00290181
0.01839944
0.03350195
0.04632307
0.05391477
0.05173481
0.04025314
0.02574670
0.01367678
0.00489326
-0.00246913
-0.00994590
-0.01811990
-0.02703733
-0.03619189
-0.04216342
-0.03869881
-0.02404438
-0.00384791
0.01502610
0.02721304
0.02835898
0.01957295
0.00915729
0.00568349
0.01068541
0.01870824
0.02261739
0.01902552
0.01025481
0.00109551
-0.00543215
-0.00939586
-0.01256741
-0.01659716
-0.02199285
-0.02696324
-0.02759520
-0.02184688
-0.01215807
-0.00236713
0.00365723
0.00132665
-0.01055483
-0.02723442
-0.04290342
-0.05394600
-0.05605527
-0.04621031
-0.02834958
-0.01100303
-0.00093201
0.00104942
-0.00013533
0.00037053
0.00152929
-0.00011818
-0.00350089
-0.00600489
-0.00843242
-0.01304789
-0.02017796
-0.02832269
-0.03607474
-0.04302948
-0.04967778
-0.05536411
-0.05723196
-0.05382517
-0.04739023
-0.04114840
-0.03782623
-0.04066010
-0.05093050
-0.06570126
-0.07833637
-0.07764531
-0.05913313
-0.03672366
-0.02625442
-0.02617463
-0.02284445
-0.00824031
0.01166677
0.02608873
0.03147863
0.03215089
0.03347973
0.03711280
0.04138961
0.04454454
0.04621214
0.04661490
0.04590245
0.04524387
0.04431919
0.03832727
0.02200675
-0.00339237
-0.02398222
-0.02307779
-0.00044505
0.02939777
0.05335451
0.06511427
0.06198393
0.04791414
0.03392301
0.02852364
0.03118841
0.03577802
0.03742548
0.03535202
0.03148533
0.02808886
0.02621157
0.02558363
0.02531392
0.02521645
0.02613645
0.02832427
0.03109009
0.03332542
0.03312268
0.02908465
0.02225677
0.01499322
0.00815777
0.00086901
-0.00748828
-0.01675624
-0.02611072
-0.03337583
-0.03653224
-0.03632018
-0.03540494
-0.03566651
-0.03704240
-0.03810189
-0.03778262
-0.03628085
-0.03444707
-0.03281002
-0.03069171
-0.02694201
-0.02155772
-0.01663838
-0.01515842
-0.01787392
-0.02265282
-0.02715232
-0.03011713
-0.01533618
0.03736929
0.10700750
0.15226080
0.16123840
0.14773650
0.13015980
0.12047740
0.11989220
0.12213550
0.12065080
0.11296650
0.10078760
0.08755352
0.07580164
0.06613742
0.05747400
0.04851125
0.03873677
0.02830174
0.01769327
0.00780907
0.00151178
0.00202321
0.00836518
0.01609531
0.02101703
0.01948320
0.01009514
-0.00382142
-0.01684290
-0.02377726
-0.02107065
-0.01144204
-0.00519362
-0.01218744
-0.03193648
-0.05541811
-0.07497342
-0.08928983
-0.10179040
-0.11648860
-0.13493840
-0.15673380
-0.17530170
-0.15978450
-0.07427466
0.05252701
0.13473320
0.12837420
0.06803014
0.01159727
-0.01119011
0.00051393
0.03844705
0.08441284
0.11055830
0.10341120
0.07600788
0.05080550
0.04192618
0.05125961
0.06750925
0.07151507
0.05338517
0.02081959
-0.01233418
-0.04016368
-0.06599928
-0.09449888
-0.12755510
-0.16057440
-0.17359230
-0.14452320
-0.08377504
-0.03291186
-0.02175213
-0.04176927
-0.06105453
-0.05602179
-0.02764157
0.00751994
0.03523378
0.05241638
0.06444481
0.07764013
0.09358227
0.10906030
0.12069910
0.12461080
0.11541340
0.09349590
0.06653329
0.04190895
0.02146080
0.00258352
-0.01766731
-0.04132471
-0.07009514
-0.10421420
-0.14159040
-0.16522900
-0.13715690
-0.05010721
0.03737009
0.06592711
0.03796045
-0.00412441
-0.02666640
-0.02473120
-0.01267432
-0.00633140
-0.01396538
-0.03619400
-0.06643649
-0.08703612
-0.07483334
-0.02475337
0.04011435
0.08320235
0.08128955
0.04509964
0.00652284
-0.01086575
-0.00615917
0.00567530
0.01051618
0.00391081
-0.01161859
-0.03123384
-0.04950998
-0.06212693
-0.06875409
-0.07316195
-0.07866528
-0.08285181
-0.07986849
-0.06864532
-0.05317305
-0.03629969
-0.01865919
-0.00413915
0.00058528
-0.00172938
0.00203255
0.01942250
0.04366142
0.05817179
0.05087228
0.02616988
-0.00166083
-0.02277563
-0.03724587
-0.04866990
-0.05024507
-0.03151916
-0.00174863
0.01795603
0.01864284
0.00689577
-0.00386881
-0.00327170
0.00910828
0.02568722
0.03890804
0.04573925
0.04566016
0.03949045
0.03061147
0.02275838
0.01730118
0.01214560
0.00292145
-0.01219464
-0.03082835
-0.04954893
-0.06663868
-0.08255204
-0.09872923
-0.11261350
-0.11420240
-0.09647709
-0.06483535
-0.02973332
0.00292622
0.03052387
0.04619958
0.04273313
0.02518587
0.01184765
0.02101792
0.05487479
0.09599178
0.11879740
0.10935930
0.07734863
0.04377557
0.02142607
0.00921152
-0.00009785
-0.01062630
-0.02247600
-0.03502960
-0.04723930
-0.05457992
-0.05060441
-0.03512392
-0.01553398
0.00002633
0.00793478
0.01058421
0.01328082
0.01908706
0.02612449
0.02950233
0.02743040
0.02462553
0.02763905
0.03776072
0.05076716
0.06228374
0.07124056
0.07834718
0.08128977
0.07565945
0.06179454
0.04520485
0.03061041
0.01867217
0.00716827
-0.00442425
-0.01133191
-0.00945228
-0.00218937
0.00377307
0.00551871
0.00441563
0.00559768
0.01627868
0.03270209
0.03866136
0.02685409
0.00558000
-0.01404065
-0.02733139
-0.03666720
-0.04611960
-0.05741590
-0.06896693
-0.07404812
-0.06505272
-0.04320637
-0.01730448
0.00542962
0.02382986
0.03917984
0.04785862
0.04510368
0.03382985
0.02144178
0.01225543
0.00585623
-0.00049496
-0.00891920
-0.01963175
-0.03171158
-0.04091765
-0.03830006
-0.01924648
0.00932859
0.03500863
0.05010126
0.05663557
0.06126995
0.06598668
0.06786827
0.06559307
0.06105490
0.05638495
0.05209451
0.04740273
0.04203646
0.03665988
0.03158594
0.02693456
0.02510993
0.03052185
0.04359732
0.05848415
0.06898324
0.07476440
0.08204027
0.09562104
0.10918900
0.11157360
0.10117070
0.08583984
0.07306157
0.06503290
0.06012997
0.05600427
0.05103571
0.04465103
0.03737891
0.03013021
0.02274016
0.01397579
0.00344271
-0.00796096
-0.01914022
-0.02968275
-0.03994025
-0.05010390
-0.05964526
-0.06812250
-0.07581420
-0.08342739
-0.09138781
-0.09951036
-0.10700740
-0.11239360
-0.11527640
-0.11707900
-0.11926050
-0.12235880
-0.12587210
-0.12944400
-0.13444790
-0.14310830
-0.15551150
-0.16935260
-0.18263220
-0.19525480
-0.20473620
-0.19845370
-0.16337650
-0.10593020
-0.04872938
-0.00888294
0.01509793
0.03498816
0.05445894
0.06634777
0.06666951
0.06099492
0.05954255
0.06979259
0.09012180
0.11249000
0.12975260
0.13651220
0.13078410
0.11785500
0.10572560
0.09823444
0.09407958
0.08964409
0.08325018
0.07799660
0.07821939
0.08351692
0.08928359
0.09202381
0.09167510
0.08988331
0.08850763
0.08852239
0.08946319
0.09063827
0.09156941
0.09199228
0.09143165
0.08633831
0.07072127
0.04309692
0.00975156
-0.01803847
-0.03009629
-0.02686800
-0.02060475
-0.02395754
-0.03876032
-0.05364226
-0.05334136
-0.03636819
-0.01925424
-0.01792729
-0.03229014
-0.05144416
-0.06560944
-0.06933925
-0.06168451
-0.04782708
-0.03506690
-0.02664258
-0.02100479
-0.01715773
-0.01853593
-0.02762889
-0.04114045
-0.05116616
-0.04936766
-0.03657815
-0.02474206
-0.02360245
-0.03158777
-0.03911159
-0.03651817
-0.02307793
-0.00783935
0.00078370
0.00226550
0.00262276
0.00747381
0.01432651
0.01645057
0.01223963
0.00524263
-0.00082405
-0.00487834
-0.00703512
-0.00546217
0.00175215
0.01297976
0.02481237
0.03467909
0.03937329
0.03530716
0.02341937
0.00928187
-0.00305490
-0.01423895
-0.02621526
-0.03730324
-0.04401330
-0.04599547
-0.04577587
-0.04570009
-0.04636491
-0.04700970
-0.04697639
-0.04583613
-0.04079955
-0.02934251
-0.01689758
-0.01222300
-0.01660692
-0.02502862
-0.03292283
-0.03874408
-0.04328163
-0.04793110
-0.05259366
-0.05583962
-0.05710831
-0.05822552
-0.06300448
-0.07235613
-0.08148134
-0.08595127
-0.08777062
-0.08912813
-0.08241289
-0.05888868
-0.02491564
0.00254650
0.01450588
0.01656109
0.01880601
0.02580977
0.03606781
0.04567929
0.05069063
0.04891995
0.04167447
0.03280504
0.02618528
0.02339171
0.02103596
0.01016899
-0.01430009
-0.03884694
-0.03961777
-0.01020016
0.03192339
0.06018624
0.05756060
0.03017580
-0.00153748
-0.02300981
-0.03389392
-0.04010718
-0.03849011
-0.01906424
0.01738762
0.05922485
0.09289922
0.10309800
0.08225555
0.04305410
0.00939209
-0.00431964
-0.00253342
0.00252940
0.00647319
0.01186668
0.01950094
0.02747593
0.03410949
0.03757404
0.03651439
0.03253284
0.02918668
0.02844647
0.02899985
0.02739239
0.02128971
0.01240819
0.00532030
0.00267767
0.00174221
-0.00290730
-0.01265235
-0.02352735
-0.03143540
-0.03722502
-0.04810268
-0.07117383
-0.09952264
-0.11026050
-0.08784364
-0.04187896
0.00618547
0.04378744
0.07185933
0.09283879
0.10162360
0.09568906
0.08257391
0.07138303
0.06486632
0.06023799
0.05379007
0.04395583
0.03166569
0.01916350
0.00862018
0.00097643
-0.00472190
-0.01111424
-0.02186858
-0.03726268
-0.04534429
-0.02811781
0.01308227
0.05225637
0.06675998
0.05889103
0.04756389
0.04764687
0.05765947
0.06470642
0.06005919
0.04612286
0.02822070
0.00542106
-0.02396456
-0.05325445
-0.07402693
-0.08647079
-0.09703655
-0.11130890
-0.12957330
-0.14391960
-0.14414890
-0.12990930
-0.10867270
-0.08375010
-0.05492229
-0.02698206
-0.00635085
0.00782802
0.01889024
0.02364476
0.01786576
0.00450875
-0.00986789
-0.02167284
-0.03148230
-0.04172850
-0.05112411
-0.05104879
-0.03495812
-0.01030627
0.00837092
0.01670355
0.01945844
0.01841300
0.01340489
0.00670432
0.00076717
-0.00220747
0.00042304
0.00859381
0.01832532
0.02534441
0.02865209
0.03099479
0.03633799
0.04633186
0.05921966
0.07182320
0.07870485
0.07302185
0.05476055
0.03336456
0.01890771
0.01329280
0.01115708
0.00692133
-0.00028276
-0.00724828
-0.01132058
-0.01273157
-0.01343790
-0.01643341
-0.02477043
-0.03696503
-0.04224262
-0.02802701
0.00510466
0.04438689
0.07383654
0.07941843
0.06045380
0.03204030
0.01002331
-0.00073129
-0.00557593
-0.01242153
-0.02466907
-0.03722773
-0.04009717
-0.02963049
-0.01206079
0.00459129
0.01727388
0.02528658
0.02488907
0.01332508
-0.00516936
-0.02317655
-0.03668856
-0.04687899
-0.05736653
-0.06957074
-0.07812319
-0.07451021
-0.05819893
-0.03700212
-0.01716621
0.00028553
0.01413084
0.02165185
0.02388375
0.02452673
0.02474374
0.02343855
0.02013670
0.01531624
0.00923603
0.00105025
-0.01024688
-0.02057927
-0.02115262
-0.00908600
0.00920780
0.02591234
0.03833003
0.04722162
0.05081248
0.04600440
0.03460304
0.02210024
0.01202260
0.00413404
-0.00381870
-0.01119432
-0.01207020
-0.00273411
0.00984514
0.01310982
0.00261437
-0.01489910
-0.03060857
-0.04105759
-0.04815812
-0.05443431
-0.05841699
-0.05691009
-0.05058318
-0.04299995
-0.03665009
-0.03332544
-0.03564690
-0.04409483
-0.05525603
-0.06549250
-0.07298688
-0.07345137
-0.06027036
-0.03388993
-0.00330187
0.02206357
0.03848292
0.04950516
0.06024409
0.06817505
0.06575133
0.05216439
0.03466487
0.02072283
0.01259845
0.00740367
0.00103528
-0.00589944
-0.00677522
0.00258211
0.01858701
0.03508429
0.04837685
0.05540649
0.05292674
0.04234607
0.02971372
0.01967921
0.01261556
0.00622737
-0.00172024
-0.01052086
-0.01549914
-0.01285688
-0.00439522
0.00508974
0.01209646
0.01581259
0.01864978
0.02465170
0.03393752
0.03952542
0.03439344
0.02004886
0.00357174
-0.00974976
-0.01896790
-0.02650116
-0.03497902
-0.04439305
-0.05277300
-0.05923585
-0.06370197
-0.06347712
-0.05536421
-0.04101019
-0.02368419
-0.00163550
0.02879086
0.06350097
0.08714237
0.08632024
0.06567635
0.04180951
0.02632364
0.01947966
0.01477878
0.00637783
-0.00719142
-0.02379105
-0.03797968
-0.04081652
-0.02887569
-0.01314947
-0.00862574
-0.01820383
-0.03299846
-0.04222603
-0.04073860
-0.03164610
-0.02202788
-0.01688726
-0.01690963
-0.01949102
-0.02148521
-0.02086089
-0.01634993
-0.00765409
0.00346061
0.01410983
0.02287795
0.03055909
0.03671026
0.03739718
0.03044757
0.01923432
0.00852283
0.00023021
-0.00674938
-0.01300652
-0.01404622
-0.00419203
0.01362596
0.02876833
0.03432894
0.03278965
0.03085864
0.03197019
0.03359130
0.03154217
0.02592266
0.02065802
0.01847736
0.01873262
0.01927591
0.01876387
0.01617679
0.00974401
0.00141267
-0.00191465
0.00308508
0.01277076
0.02100896
0.02180250
0.01258119
-0.00293123
-0.01906383
-0.03368451
-0.04779510
-0.06280440
-0.07835376
-0.09109914
-0.09651602
-0.09315923
-0.08493103
-0.07714959
-0.07030424
-0.06055649
-0.04576029
-0.02821273
-0.01243571
-0.00125850
0.00646092
0.01325573
0.01834142
0.01864625
0.01401770
0.00750308
0.00178780
-0.00258337
-0.00656272
-0.01119378
-0.01676545
-0.02120605
-0.02010643
-0.01163833
0.00091775
0.01301912
0.02270447
0.03083976
0.03918126
0.04866039
0.05912288
0.06850938
0.07219688
0.06732762
0.05679735
0.04598845
0.03782300
0.03177467
0.02578761
0.01837780
0.00944258
0.00166915
0.00029961
0.00749534
0.01944442
0.03087828
0.03950456
0.04476250
0.04542642
0.04170462
0.03644748
0.03226742
0.02998148
0.03033880
0.03429897
0.04089336
0.04775941
0.05270794
0.05383862
0.05088156
0.04605451
0.04203967
0.03932731
0.03667246
0.03362226
0.03067098
0.02801742
0.02543955
0.02251115
0.01871523
0.01419014
0.00814976
-0.00499773
-0.03031585
-0.06073997
-0.08198162
-0.08920239
-0.08866118
-0.08598377
-0.08181219
-0.07700942
-0.07410351
-0.07112369
-0.06005273
-0.03808380
-0.01466557
-0.00055547
0.00374120
0.00467467
0.00604933
0.00664696
0.00492040
0.00136656
-0.00285023
-0.00668851
-0.00922948
-0.01036867
-0.01100908
-0.01231005
-0.01544130
-0.02034530
-0.02373527
-0.02152032
-0.01377297
-0.00424240
0.00404204
0.00991714
0.01106677
0.00529069
-0.00418382
-0.01136410
-0.01428928
-0.01496028
-0.01427122
-0.01056267
-0.00322886
0.00582175
0.01454867
0.02142477
0.02328836
0.01734073
0.00567908
-0.00654507
-0.01605364
-0.02067296
-0.01733481
-0.00609529
0.00812745
0.02058108
0.03009680
0.03584706
0.03469210
0.02585681
0.01371676
0.00401080
-0.00022500
0.00001116
0.00148185
0.00148068
-0.00060215
-0.00359990
-0.00613634
-0.00755705
-0.00806531
-0.00841746
-0.00946540
-0.01148568
-0.01405604
-0.01670365
-0.01909400
-0.02112868
-0.02297803
-0.02480760
-0.02672901
-0.02878643
-0.03090802
-0.03300372
-0.03506654
-0.03710425
-0.03922660
-0.04215095
-0.04625472
-0.04904282
-0.04656130
-0.03841905
-0.02816944
-0.01916835
-0.01219384
-0.00599947
0.00125060
0.00918594
0.01334874
0.00995611
0.00071110
-0.00911096
-0.01258677
-0.00406430
0.01486956
0.03656978
0.05482536
0.06639394
0.06902991
0.06414142
0.05731745
0.05189906
0.04510966
0.03291898
0.01554295
-0.00386984
-0.02257705
-0.03603029
-0.03712824
-0.02450395
-0.00577231
0.00914864
0.01439836
0.01150449
0.00703773
0.00686525
0.01342568
0.02515311
0.03796887
0.04875317
0.05439050
0.04988084
0.03415697
0.01324297
-0.00458040
-0.01357465
-0.01388625
-0.01076493
-0.00944958
-0.01165532
-0.01621448
-0.02148637
-0.02635573
-0.03034485
-0.03371136
-0.03714497
-0.04011589
-0.03858687
-0.02832799
-0.01090742
0.00811390
0.02430146
0.03423171
0.03565665
0.03093843
0.02554992
0.02312404
0.02427923
0.02783640
0.03184218
0.03441259
0.03367695
0.02838278
0.01960236
0.00948573
-0.00097402
-0.01161798
-0.02247344
-0.03368652
-0.04332832
-0.04656880
-0.04127737
-0.03128764
-0.02186968
-0.01510123
-0.00975600
-0.00374915
0.00370600
0.01161934
0.01865058
0.02462757
0.02985607
0.03229307
0.02815156
0.01715086
0.00323445
-0.00986315
-0.02111862
-0.03162120
-0.04296401
-0.05481169
-0.06149618
-0.05605291
-0.03963183
-0.02014751
-0.00471471
0.00356484
0.00641980
0.00851271
0.01330658
0.02096263
0.02915966
0.03496963
0.03711064
0.03687162
0.03648111
0.03721506
0.03894046
0.04093147
0.04319358
0.04646315
0.05009724
0.05135513
0.04856162
0.04360516
0.03989415
0.03891806
0.03950959
0.03885251
0.03412793
0.02506285
0.01438323
0.00531515
-0.00093605
-0.00460882
-0.00512539
-0.00214311
0.00271678
0.00731423
0.01081511
0.01379565
0.01594570
0.01411181
0.00567325
-0.00778207
-0.02259134
-0.03647867
-0.04959852
-0.06240247
-0.07255259
-0.07721678
-0.07749042
-0.07688905
-0.07703336
-0.07692095
-0.07482447
-0.06974778
-0.06227362
-0.05373116
-0.04426303
-0.03310259
-0.01980700
-0.00425855
0.01237444
0.02646218
0.03481716
0.03857602
0.04148220
0.04495717
0.04719872
0.04666188
0.04399840
0.04083412
0.03749884
0.03217911
0.02327934
0.01098636
-0.00378826
-0.01938845
-0.03309324
-0.04321454
-0.05099822
-0.05764611
-0.06015195
-0.05471578
-0.04291513
-0.03030442
-0.02077206
-0.01416265
-0.00801627
-0.00037380
0.00925784
0.02096691
0.03404725
0.04347152
0.04199065
0.02903412
0.01168785
-0.00314491
-0.01375075
-0.02252599
-0.03221896
-0.04352756
-0.05542205
-0.06499573
-0.06802140
-0.06352320
-0.05472515
-0.04458671
-0.03420511
-0.02378990
-0.01299414
-0.00134183
0.01122643
0.02433721
0.03730406
0.04915592
0.05935475
0.06846856
0.07761209
0.08727140
0.09473946
0.09430363
0.08410629
0.06904527
0.05442042
0.04028063
0.02341398
0.00298918
-0.01728898
-0.03292863
-0.04368111
-0.05301016
-0.06208246
-0.06618480
-0.06064547
-0.04785161
-0.03553203
-0.02999285
-0.03115307
-0.03420655
-0.03497815
-0.03150427
-0.02271258
-0.00943737
0.00524462
0.01802125
0.02490278
0.02247464
0.01266554
0.00152658
-0.00678739
-0.01228439
-0.01728391
-0.02378699
-0.03200774
-0.04067911
-0.04857401
-0.05550146
-0.06060331
-0.06050042
-0.05282806
-0.04013465
-0.02739985
-0.01769198
-0.01071623
-0.00416146
0.00380652
0.01280226
0.02071755
0.02622822
0.03001533
0.03355722
0.03776222
0.04260717
0.04755597
0.05189184
0.05395870
0.05170529
0.04550668
0.03831042
0.03257576
0.02852145
0.02495526
0.02130826
0.01839305
0.01687697
0.01623461
0.01554712
0.01413138
0.01153876
0.00799298
0.00433590
0.00116001
-0.00160469
-0.00441257
-0.00688936
-0.00709847
-0.00362541
0.00239022
0.00862579
0.01379585
0.01810280
0.02241078
0.02736946
0.03291289
0.03744362
0.03851583
0.03570330
0.03113954
0.02721870
0.02578202
0.02803322
0.03330275
0.03930074
0.04422842
0.04790106
0.05105908
0.05443286
0.05843575
0.06250804
0.06425410
0.06131032
0.05453907
0.04613220
0.03375762
0.01325403
-0.01116362
-0.02950759
-0.03838883
-0.04274071
-0.04867725
-0.05804481
-0.06663300
-0.06828472
-0.06199172
-0.05217209
-0.04358956
-0.03885550
-0.03824427
-0.03975549
-0.04077984
-0.04008804
-0.03832277
-0.03614939
-0.03035538
-0.01594862
0.00527793
0.02474195
0.03691472
0.04385580
0.04838033
0.04801301
0.04021460
0.02765524
0.01496096
0.00441578
-0.00433805
-0.01268411
-0.02179597
-0.03204302
-0.04277624
-0.05098594
-0.05218609
-0.04569614
-0.03585744
-0.02726603
-0.02153325
-0.01771336
-0.01393850
-0.00889516
-0.00287977
0.00177254
0.00254674
-0.00029369
-0.00421352
-0.00718026
-0.00885100
-0.01002237
-0.01162342
-0.01352912
-0.01415754
-0.01241738
-0.00926542
-0.00633752
-0.00433438
-0.00295941
-0.00151901
0.00042960
0.00243162
0.00321835
0.00213122
-0.00010025
-0.00176811
-0.00086980
0.00317383
0.00899546
0.01531456
0.02195491
0.02898638
0.03630528
0.04380870
0.05144795
0.05944684
0.06662672
0.06633390
0.05104931
0.02492177
0.00190172
-0.00965254
-0.01305225
-0.01626131
-0.02384641
-0.03500919
-0.04659103
-0.05511148
-0.05694598
-0.05126323
-0.04180802
-0.03386961
-0.03067963
-0.03165676
-0.03363435
-0.03405382
-0.03253444
-0.03023846
-0.02820838
-0.02581064
-0.02144239
-0.01435870
-0.00484941
0.00609108
0.01724170
0.02778444
0.03586781
0.03848771
0.03535759
0.03012054
0.02675563
0.02638688
0.02740250
0.02770735
0.02651606
0.02485136
0.02462674
0.02670861
0.03019630
0.03368237
0.03652005
0.03836638
0.03828182
0.03581988
0.03207774
0.02795914
0.02237225
0.01383305
0.00285017
-0.00879323
-0.01890916
-0.02414686
-0.02240004
-0.01633710
-0.01134618
-0.01046372
-0.01256569
-0.01471284
-0.01505609
-0.01367543
-0.01177739
-0.01044288
-0.00993304
-0.00990234
-0.00989415
-0.00903799
-0.00574745
0.00067709
0.00886093
0.01695669
0.02433218
0.03142296
0.03888408
0.04558446
0.04768845
0.04294751
0.03396734
0.02507748
0.01839226
0.01328338
0.00810132
0.00180583
-0.00561148
-0.01282339
-0.01738004
-0.01808302
-0.01643130
-0.01482400
-0.01445760
-0.01435981
-0.01191348
-0.00561424
0.00324061
0.01227061
0.02029977
0.02683855
0.02851176
0.02046337
0.00363588
-0.01475743
-0.02839564
-0.03467397
-0.03235006
-0.02281635
-0.01105175
-0.00136971
0.00563981
0.01201400
0.01816044
0.02041131
0.01577819
0.00633820
-0.00353519
-0.01126373
-0.01694269
-0.02217107
-0.02839089
-0.03587716
-0.04410057
-0.05121974
-0.05237472
-0.04327088
-0.02620638
-0.00776760
0.00773233
0.02038366
0.03266444
0.04425847
0.04946773
0.04416827
0.03185920
0.01898827
0.00833367
-0.00141758
-0.01244370
-0.02381140
-0.02999681
-0.02674073
-0.01665898
-0.00580305
0.00226813
0.00803071
0.01417065
0.02280545
0.03388373
0.04587636
0.05732365
0.06769155
0.07681486
0.08138648
0.07522236
0.05737338
0.03445077
0.01339646
-0.00370352
-0.01884783
-0.03497786
-0.05344661
-0.07300481
-0.09100932
-0.10585910
-0.11409190
-0.10843900
-0.08722399
-0.05874803
-0.03234286
-0.01106322
0.00771466
0.02788761
0.05121544
0.07702460
0.10325410
0.12327390
0.12621040
0.10953530
0.08365812
0.06040997
0.04381174
0.03071434
0.01621449
-0.00214371
-0.02346206
-0.04211449
-0.04955408
-0.04345509
-0.03066257
-0.01934862
-0.01242383
-0.00917370
-0.01013981
-0.01613053
-0.02505942
-0.03371047
-0.04067153
-0.04681180
-0.05327127
-0.05847821
-0.05918014
-0.05517496
-0.05060704
-0.04984018
-0.05335610
-0.05832499
-0.06204652
-0.06353040
-0.06267856
-0.05999264
-0.05617888
-0.04995831
-0.03879469
-0.02295578
-0.00575111
0.00891696
0.01857056
0.02407252
0.02780675
0.03067812
0.03282260
0.03456079
0.03616508
0.03837015
0.04227133
0.04849889
0.05727221
0.06721517
0.07494197
0.07850360
0.07944606
0.08064055
0.08363045
0.08718114
0.08592005
0.07407691
0.05290276
0.02934119
0.00854032
-0.00829473
-0.02143546
-0.03185252
-0.04095696
-0.04717271
-0.04673192
-0.03987020
-0.03076716
-0.02276522
-0.01664685
-0.01356678
-0.01704298
-0.02815073
-0.04289126
-0.05675132
-0.06660498
-0.06818533
-0.05885770
-0.04268880
-0.02721735
-0.01660761
-0.01011135
-0.00563138
-0.00250830
-0.00055449
0.00110757
0.00462883
0.01269912
0.02484031
0.03686857
0.04483304
0.04779591
0.04800028
0.04861091
0.05197571
0.05977554
0.07188246
0.08266621
0.08128800
0.06257748
0.03367733
0.00550723
-0.01666613
-0.03299641
-0.04502422
-0.05508859
-0.06570748
-0.07525709
-0.07796290
-0.07157356
-0.06016658
-0.04898955
-0.04153154
-0.04043456
-0.04618010
-0.05530193
-0.06336797
-0.06859926
-0.07197708
-0.07549716
-0.08040126
-0.08610970
-0.09103940
-0.09452472
-0.09659375
-0.09653645
-0.09383832
-0.08953035
-0.08282395
-0.06820035
-0.04196154
-0.00825721
0.02569871
0.05619888
0.08425599
0.11246260
0.13540060
0.13833610
0.11592580
0.08044708
0.04730718
0.02235500
0.00194544
-0.01979830
-0.04416064
-0.06722192
-0.08213725
-0.08194952
-0.06687990
-0.04563363
-0.02680811
-0.01279164
-0.00078365
0.01285942
0.02937611
0.04387664
0.04652697
0.03381626
0.01306200
-0.00636777
-0.02077630
-0.03261579
-0.04796755
-0.07078078
-0.09559696
-0.11230330
-0.11815990
-0.11693280
-0.11164100
-0.10431980
-0.09688695
-0.08995803
-0.08292543
-0.07507488
-0.06655992
-0.05840078
-0.05125283
-0.04335058
-0.03059870
-0.01116216
0.01198130
0.03466409
0.05516306
0.07429898
0.09425395
0.11590450
0.13411170
0.14072680
0.13527640
0.12540990
0.11802930
0.11392420
0.10889890
0.09950929
0.08620702
0.07158367
0.05902660
0.05148713
0.04897722
0.04848019
0.04662941
0.04179149
0.03434391
0.02605047
0.01905136
0.01492275
0.01364004
0.01346236
0.01260238
0.01047571
0.00729305
0.00342288
-0.00060668
-0.00434897
-0.00745168
-0.00865366
-0.00665187
-0.00220833
0.00253322
0.00582649
0.00699364
0.00625155
0.00428243
0.00204978
0.00031213
-0.00145023
-0.00487338
-0.01077499
-0.01823994
-0.02573672
-0.03247021
-0.03850324
-0.04427119
-0.05029096
-0.05652764
-0.06110885
-0.06128502
-0.05685624
-0.04996153
-0.04197426
-0.03321867
-0.02405027
-0.01485783
-0.00647430
-0.00044110
0.00236771
0.00295523
0.00326123
0.00439297
0.00630707
0.00892194
0.01251990
0.01708626
0.02147761
0.02228210
0.01609494
0.00409087
-0.00856601
-0.01732657
-0.02153211
-0.02375135
-0.02584263
-0.02738976
-0.02788483
-0.02760159
-0.02601845
-0.02115493
-0.01235561
-0.00236009
0.00540714
0.01013400
0.01355626
0.01711096
0.01961450
0.01903226
0.01554137
0.01117187
0.00746283
0.00516073
0.00543848
0.00875943
0.01334054
0.01666871
0.01793932
0.01825742
0.01903711
0.02090767
0.02322575
0.02426279
0.02266914
0.01886429
0.01447518
0.01111144
0.01053347
0.01377287
0.01952841
0.02539381
0.02970316
0.03183156
0.03225341
0.03246423
0.03433535
0.03891224
0.04439892
0.04633710
0.04242948
0.03502198
0.02761733
0.02107811
0.01446344
0.00794156
0.00227264
-0.00255324
-0.00563899
-0.00466181
0.00064307
0.00686456
0.01030299
0.01054776
0.00982837
0.01018479
0.01206732
0.01467369
0.01735634
0.02046516
0.02456366
0.02945693
0.03447695
0.03933532
0.04363333
0.04594126
0.04483063
0.04099815
0.03668824
0.03317375
0.03020088
0.02689495
0.02282080
0.01810628
0.01227101
0.00452681
-0.00468664
-0.01419686
-0.02295825
-0.02978404
-0.03428459
-0.03731083
-0.03904252
-0.03860899
-0.03584690
-0.03122603
-0.02458485
-0.01588316
-0.00638050
0.00177312
0.00732475
0.01104221
0.01470117
0.01941493
0.02398420
0.02529769
0.02174982
0.01527434
0.00903410
0.00475202
0.00216946
-0.00017231
-0.00337381
-0.00776947
-0.01306551
-0.01867549
-0.02414321
-0.02914936
-0.03351039
-0.03674695
-0.03807884
-0.03632203
-0.03068515
-0.02256229
-0.01407785
-0.00587234
0.00228393
0.01080340
0.01997359
0.02835274
0.03200245
0.02829798
0.01957609
0.01050141
0.00373709
-0.00118856
-0.00613543
-0.01227526
-0.01978384
-0.02762905
-0.03253834
-0.03109254
-0.02391500
-0.01547759
-0.01002984
-0.00830328
-0.00805792
-0.00688437
-0.00404467
-0.00076898
0.00133395
0.00194222
0.00181039
0.00188197
0.00248028
0.00338541
0.00485817
0.00727070
0.01040126
0.01378505
0.01654194
0.01707295
0.01434558
0.00935878
0.00422127
0.00006540
-0.00227200
-0.00101014
0.00431324
0.01155159
0.01815053
0.02331052
0.02781053
0.03273525
0.03754471
0.03906207
0.03523197
0.02795812
0.02049044
0.01457958
0.00975638
0.00423889
-0.00320913
-0.01221567
-0.02153910
-0.02984720
-0.03605748
-0.04009780
-0.04224924
-0.04248673
-0.04121054
-0.03953571
-0.03807720
-0.03570283
-0.03083115
-0.02366326
-0.01654336
-0.01190085
-0.00995897
-0.00898845
-0.00708645
-0.00350689
0.00101843
0.00535809
0.00906479
0.01197811
0.01361326
0.01355152
0.01230642
0.01100139
0.01020145
0.00982917
0.00943752
0.00895500
0.00939956
0.01180146
0.01580216
0.02004690
0.02374210
0.02690843
0.02991945
0.03327240
0.03652380
0.03788588
0.03609844
0.03212250
0.02791675
0.02344254
0.01615229
0.00517065
-0.00595201
-0.01320493
-0.01643745
-0.01849166
-0.02167469
-0.02511075
-0.02618790
-0.02403720
-0.02013775
-0.01641346
-0.01356569
-0.01175877
-0.01180212
-0.01404757
-0.01746564
-0.02073277
-0.02333386
-0.02476655
-0.02351262
-0.01879250
-0.01210746
-0.00560473
-0.00021947
0.00451370
0.00874345
0.01083518
0.00929261
0.00508617
0.00058544
-0.00285942
-0.00546212
-0.00804859
-0.01044162
-0.01107027
-0.00914810
-0.00570862
-0.00230120
0.00031850
0.00246103
0.00472390
0.00729918
0.00961315
0.01083769
0.01101787
0.01086431
0.01092186
0.01135542
0.01228249
0.01388163
0.01602451
0.01837059
0.02009643
0.01941166
0.01509329
0.00829901
0.00168747
-0.00286977
-0.00542420
-0.00736749
-0.01004699
-0.01381200
-0.01799937
-0.02117056
-0.02182683
-0.01997130
-0.01721862
-0.01503459
-0.01370455
-0.01269899
-0.01164789
-0.01103537
-0.01158034
-0.01318957
-0.01504766
-0.01609445
-0.01558778
-0.01388437
-0.01207960
-0.01081035
-0.01000779
-0.00925376
-0.00773930
-0.00449401
0.00019074
0.00435833
0.00657154
0.00725224
0.00781239
0.00989074
0.01480040
0.02228072
0.03051490
0.03780390
0.04340134
0.04764183
0.05129113
0.05342637
0.05204253
0.04729854
0.04151422
0.03642561
0.03156516
0.02524604
0.01677131
0.00703635
-0.00227275
-0.00940319
-0.01344755
-0.01483083
-0.01491102
-0.01517990
-0.01625239
-0.01772808
-0.01924633
-0.02126329
-0.02428868
-0.02804202
-0.03192926
-0.03498709
-0.03548053
-0.03247981
-0.02734961
-0.02219886
-0.01765424
-0.01294953
-0.00737387
-0.00097440
0.00605197
0.01312868
0.01869321
0.02187120
0.02363763
0.02556061
0.02831456
0.03089182
0.03136263
0.02903381
0.02517061
0.02151036
0.01873267
0.01648429
0.01452758
0.01337476
0.01343742
0.01423546
0.01485294
0.01423464
0.01172351
0.00789926
0.00399272
0.00074177
-0.00195629
-0.00426969
-0.00567441
-0.00572758
-0.00493310
-0.00416001
-0.00378586
-0.00385181
-0.00479448
-0.00716519
-0.01061780
-0.01423615
-0.01740760
-0.02013238
-0.02285170
-0.02587151
-0.02908816
-0.03149943
-0.03155504
-0.02913613
-0.02577191
-0.02289290
-0.02086885
-0.01915920
-0.01732623
-0.01614708
-0.01688198
-0.01948788
-0.02269137
-0.02544252
-0.02762120
-0.02947856
-0.03017219
-0.02796017
-0.02268670
-0.01616150
-0.00992605
-0.00410531
0.00189265
0.00845477
0.01552426
0.02285922
0.03024543
0.03641975
0.03835461
0.03446691
0.02713233
0.01996714
0.01465382
0.01059744
0.00631377
0.00167414
-0.00109778
0.00001682
0.00417956
0.00890272
0.01239512
0.01404713
0.01420055
0.01397806
0.01430337
0.01495479
0.01499319
0.01401574
0.01245503
0.01081029
0.00913965
0.00712058
0.00458988
0.00176051
-0.00107500
-0.00379025
-0.00644170
-0.00930187
-0.01280412
-0.01700468
-0.02149733
-0.02591131
-0.03004003
-0.03321450
-0.03443742
-0.03379319
-0.03199167
-0.02868525
-0.02320493
-0.01609535
-0.00865793
-0.00232992
0.00140337
0.00238309
0.00224198
0.00267547
0.00414896
0.00621209
0.00846983
0.01077397
0.01299050
0.01513204
0.01701003
0.01756078
0.01575912
0.01208836
0.00805756
0.00468885
0.00234134
0.00132006
0.00151416
0.00212021
0.00237412
0.00196448
0.00076735
-0.00109931
-0.00315577
-0.00493220
-0.00623700
-0.00700594
-0.00737545
-0.00765004
-0.00810888
-0.00898482
-0.01026676
-0.01175627
-0.01323808
-0.01455429
-0.01577665
-0.01701339
-0.01839808
-0.02037624
-0.02329377
-0.02695568
-0.03057233
-0.03252033
-0.03139468
-0.02783880
-0.02341954
-0.01847550
-0.01259303
-0.00596096
-0.00001153
0.00336028
0.00390167
0.00331508
0.00330082
0.00442587
0.00639623
0.00859869
0.01038298
0.01083703
0.00922403
0.00601461
0.00254230
-0.00027506
-0.00249217
-0.00469921
-0.00738609
-0.01063407
-0.01415079
-0.01759482
-0.02021644
-0.02045524
-0.01741002
-0.01228728
-0.00718221
-0.00336268
-0.00105874
0.00036796
0.00193176
0.00412915
0.00676871
0.00941065
0.01129294
0.01153871
0.01009498
0.00791428
0.00605904
0.00487169
0.00412140
0.00355963
0.00301339
0.00234562
0.00158971
0.00100434
0.00085742
0.00114284
0.00159763
0.00196877
0.00220990
0.00232749
0.00224985
0.00194888
0.00154070
0.00117362
0.00088248
0.00057191
-0.00008590
-0.00147422
-0.00356385
-0.00588800
-0.00800734
-0.00986147
-0.01164307
-0.01349381
-0.01505051
-0.01545694
-0.01441101
-0.01253783
-0.01054491
-0.00857764
-0.00650961
-0.00429421
-0.00192129
0.00055861
0.00310590
0.00566559
0.00822067
0.01034120
0.01081654
0.00904721
0.00593344
0.00287080
0.00053198
-0.00115652
-0.00231039
-0.00308800
-0.00382116
-0.00479306
-0.00584158
-0.00638821
-0.00611858
-0.00528146
-0.00432767
-0.00338694
-0.00233259
-0.00114375
0.00013172
0.00147390
0.00279563
0.00375900
0.00389543
0.00317382
0.00210431
0.00120156
0.00061435
0.00030719
0.00039382
0.00086098
0.00144694
0.00194089
0.00227374
0.00254338
0.00287696
0.00325454
0.00328953
0.00251001
0.00102816
-0.00061791
-0.00207676
-0.00334073
-0.00452652
-0.00574751
-0.00687730
-0.00749992
-0.00734391
-0.00663332
-0.00566878
-0.00418526
-0.00188462
0.00092885
0.00378897
0.00633411
0.00793577
0.00807765
0.00709173
0.00590706
0.00546112
0.00650332
0.00916168
0.01260246
0.01583628
0.01829177
0.01909676
0.01740577
0.01383091
0.00997060
0.00689599
0.00490062
0.00392346
0.00355099
0.00311784
0.00224938
0.00101084
-0.00030078
-0.00140182
-0.00237879
-0.00374049
-0.00589965
-0.00869833
-0.01153224
-0.01339510
-0.01311964
-0.01063350
-0.00726480
-0.00434311
-0.00220403
-0.00044969
0.00109421
0.00215686
0.00264672
0.00281654
0.00300242
0.00332045
0.00365968
0.00392044
0.00417286
0.00493265
0.00682706
0.00960618
0.01196626
0.01265069
0.01167499
0.01015417
0.00910834
0.00874256
0.00868816
0.00847535
0.00792908
0.00751791
0.00802370
0.00964342
0.01176393
0.01371611
0.01527886
0.01629256
0.01631525
0.01524125
0.01368002
0.01231016
0.01136423
0.01076398
0.01041420
0.01014628
0.00976209
0.00926097
0.00872052
0.00822275
0.00756867
0.00605066
0.00324225
-0.00031059
-0.00376745
-0.00682473
-0.00950865
-0.01190629
-0.01411292
-0.01626102
-0.01853380
-0.02066216
-0.02166126
-0.02072171
-0.01831862
-0.01573102
-0.01371346
-0.01219566
-0.01073166
-0.00895083
-0.00669873
-0.00377033
-0.00014808
0.00379197
0.00742613
0.00990785
0.01089280
0.01103692
0.01128574
0.01204859
0.01324260
0.01490989
0.01719652
0.01991749
0.02270818
0.02533930
0.02742804
0.02791308
0.02605942
0.02271081
0.01934235
0.01669449
0.01459715
0.01245040
0.00984568
0.00678451
0.00353732
0.00037114
-0.00261480
-0.00535821
-0.00779399
-0.00997709
-0.01210010
-0.01432180
-0.01665255
-0.01903219
-0.02137682
-0.02365601
-0.02586108
-0.02760510
-0.02825306
-0.02779144
-0.02665454
-0.02489970
-0.02253693
-0.01985231
-0.01716736
-0.01461065
-0.01202125
-0.00883992
-0.00440302
0.00117379
0.00712917
0.01273739
0.01730169
0.02035864
0.02232151
0.02390246
0.02501087
0.02524271
0.02477216
0.02409915
0.02346431
0.02264095
0.02109099
0.01870085
0.01594185
0.01327862
0.01085873
0.00838712
0.00545801
0.00203489
-0.00153796
-0.00477889
-0.00744121
-0.00953796
-0.01088834
-0.01131058
-0.01112710
-0.01092188
-0.01097917
-0.01118660
-0.01138548
-0.01171817
-0.01258909
-0.01400741
-0.01515020
-0.01499177
-0.01347719
-0.01154736
-0.00997449
-0.00867834
-0.00703661
-0.00471025
-0.00193816
0.00090291
0.00360011
0.00612765
0.00862723
0.01120112
0.01387493
0.01667703
0.01911396
0.01989549
0.01820012
0.01485726
0.01143872
0.00877118
0.00668156
0.00479498
0.00337789
0.00291695
0.00319909
0.00360398
0.00377228
0.00372160
0.00369070
0.00380900
0.00383578
0.00342659
0.00252218
0.00148014
0.00082027
0.00068231
0.00081316
0.00089674
0.00078643
0.00055731
0.00035095
0.00022870
0.00020734
0.00013107
-0.00053772
-0.00224989
-0.00477699
-0.00746637
-0.00987769
-0.01187354
-0.01290330
-0.01208313
-0.00959033
-0.00664970
-0.00417792
-0.00229367
-0.00060190
0.00137303
0.00374133
0.00625067
0.00834145
0.00932566
0.00917380
0.00860635
0.00830701
0.00839755
0.00862422
0.00876429
0.00871270
0.00831159
0.00760413
0.00591289
0.00391424
0.00204480
0.00039274
-0.00116486
-0.00271909
-0.00402099
-0.00455148
-0.00426782
-0.00370136
-0.00330455
-0.00316592
-0.00318927
-0.00340118
-0.00394952
-0.00480071
-0.00571850
-0.00653305
-0.00725792
-0.00798233
-0.00878675
-0.00952456
-0.00978589
-0.00939101
-0.00864257
-0.00792406
-0.00739234
-0.00699889
-0.00669897
-0.00669981
-0.00718216
-0.00797098
-0.00878070
-0.00949139
-0.01014433
-0.01079362
-0.01122344
-0.01100290
-0.01003178
-0.00871827
-0.00750861
-0.00652634
-0.00571738
-0.00523979
-0.00547623
-0.00644110
-0.00763035
-0.00863129
-0.00939833
-0.01009420
-0.01090701
-0.01188263
-0.01270381
-0.01265401
-0.01133539
-0.00923562
-0.00716178
-0.00549711
-0.00415308
-0.00285396
-0.00140109
0.00023177
0.00188327
0.00328883
0.00437162
0.00527344
0.00618140
0.00719782
0.00830440
0.00950632
0.01094038
0.01270132
0.01464558
0.01654602
0.01832843
0.01999803
0.02146576
0.02268474
0.02367763
0.02438160
0.02474573
0.02487986
0.02497616
0.02512876
0.02529423
0.02524093
0.02475629
0.02393800
0.02304831
0.02228293
0.02166123
0.02107951
0.02044468
0.01957416
0.01810832
0.01593235
0.01342274
0.01101556
0.00890554
0.00729049
0.00641434
0.00617355
0.00610910
0.00585480
0.00537391
0.00482852
0.00428757
0.00365339
0.00289538
0.00207801
0.00127267
0.00051236
-0.00022570
-0.00096875
-0.00181302
-0.00296874
-0.00453771
-0.00615106
-0.00718988
-0.00746895
-0.00733288
-0.00722060
-0.00728168
-0.00737451
-0.00736152
-0.00722520
-0.00701391
-0.00679801
-0.00662160
-0.00648319
-0.00636141
-0.00622279
-0.00610565
-0.00619176
-0.00663571
-0.00735712
-0.00811779
-0.00879134
-0.00942466
-0.01011906
-0.01092080
-0.01177215
-0.01260886
-0.01340686
-0.01415922
-0.01488484
-0.01547493
-0.01562873
-0.01521039
-0.01449385
-0.01383537
-0.01334800
-0.01297959
-0.01260461
-0.01205170
-0.01110336
-0.00965489
-0.00792856
-0.00626003
-0.00484624
-0.00373463
-0.00283525
-0.00214745
-0.00190450
-0.00218123
-0.00269290
-0.00313152
-0.00342637
-0.00365423
-0.00391286
-0.00425995
-0.00467370
-0.00513930
-0.00569073
-0.00632945
-0.00698764
-0.00759695
-0.00815597
-0.00868054
-0.00903071
-0.00893031
-0.00833249
-0.00752394
-0.00682551
-0.00645036
-0.00643892
-0.00659540
-0.00668139
-0.00662774
-0.00648414
-0.00634583
-0.00628887
-0.00621590
-0.00587363
-0.00510063
-0.00404502
-0.00298367
-0.00207222
-0.00130360
-0.00056765
0.00011443
0.00063878
0.00101410
0.00132397
0.00164033
0.00198465
0.00231796
0.00245199
0.00214653
0.00142346
0.00057357
-0.00016507
-0.00075035
-0.00125189
-0.00177012
-0.00235407
-0.00296829
-0.00356862
-0.00404740
-0.00407459
-0.00336891
-0.00212282
-0.00082607
0.00021995
0.00103947
0.00180591
0.00264782
0.00358105
0.00454648
0.00533778
0.00557520
0.00507791
0.00413320
0.00320362
0.00253136
0.00205000
0.00163820
0.00131201
0.00112184
0.00104731
0.00099520
0.00089225
0.00076432
0.00065865
0.00056783
0.00044458
0.00022240
-0.00010247
-0.00044446
-0.00074135
-0.00099398
-0.00121179
-0.00142518
-0.00164995
-0.00185511
-0.00199488
-0.00198680
-0.00182132
-0.00160282
-0.00141590
-0.00128166
-0.00117032
-0.00104480
-0.00089658
-0.00074040
-0.00052045
-0.00005464
0.00076882
0.00181302
0.00282062
0.00362317
0.00412481
0.00431747
0.00435334
0.00441232
0.00456886
0.00480680
0.00511215
0.00547127
0.00582035
0.00605444
0.00604105
0.00574864
0.00532419
0.00494490
0.00467233
0.00446137
0.00424306
0.00398198
0.00368928
0.00339286
0.00311617
0.00287281
0.00267519
0.00252549
0.00239865
0.00226905
0.00212811
0.00198575
0.00185272
0.00173242
0.00162353
0.00148807
0.00125722
0.00091031
0.00051559
0.00015671
-0.00011982
-0.00026539
-0.00026227
-0.00017984
-0.00010837
-0.00008568
-0.00009596
-0.00010295
-0.00008342
-0.00004708
-0.00003413
-0.00007942
-0.00017476
-0.00027842
-0.00035839
-0.00041164
-0.00045182
-0.00049196
-0.00052583
-0.00052177
-0.00046352
-0.00037307
-0.00028200
-0.00020421
-0.00013488
-0.00007009
-0.00000820
0.00005301
0.00011125
0.00016110
0.00018825
0.00017592
0.00013045
0.00007820
0.00003948
0.00001734
0.00000289
-0.00001221
-0.00002958
-0.00004667
-0.00005959
-0.00006598
-0.00006417
-0.00005419
-0.00003980
-0.00002523
-0.00001160
0.00000207
0.00001677
0.00003317
0.00005120
0.00006810
0.00007556
0.00006848
0.00005410
0.00004864
0.00007333
0.00013792
0.00022338
0.00029930
0.00035126
0.00038199
0.00040049
0.00041480
0.00042773
0.00043774
0.00044242
0.00044020
0.00043164
0.00041855
0.00040214
0.00038246
0.00035793
0.00032854
0.00029813
0.00027061
0.00024720
0.00022686
0.00020819
0.00019089
0.00017562
0.00016287
0.00015248
0.00014387
0.00013662
0.00013053
0.00012536
